
Layout -2277478254439618301|1466900839118:
{   0,   0,   0,   0,   0,   0,   0,   0,   0,   0,   0,   0,   0,   0,   0,   0,   0,   0,   0,   0,   0,   0,   0,   0,   0,   0,   0,   0,   0,   0,   1,   1,   1,   1,   1,   1,   1,   1,   1,   1,   1,   1,   1,   1,   1,   1,   1,   1,   1,   1,   1,   1,   1,   1,   1,   1,   1,   1,   1,   1,   0,   0,   0,   0,   0,   0,   0,   0,   0,   0,   0,   0,   0,   0,   0,   0,   0,   0,   0,   0,   0,   0,   0,   0,   0,   0,   0,   0,   0,   0,   0,   0,   0,   0,   0,   0,   0,   0,   0,   0,   0,   0,   0,   0,   0},
{   0,   0,   0,   0,   0,   0,   0,   0,   0,   0,   0,   0,   0,   0,   0,   0,   0,   0,   0,   0,   0,   0,   0,   0,   0,   0,   0,   0,   0,   0,   1,  10,  10,  10,  10,  10,  10,  10,  10,  10,  10,  10,  10,  10,  10,  10,  10,  10,  10,  10,  10,  10,  10,  10,  10,  10,  10,  10,  10,   1,   0,   0,   0,   0,   0,   0,   0,   0,   0,   0,   0,   0,   0,   0,   0,   0,   1,   1,   1,   1,   1,   1,   1,   1,   1,   1,   1,   1,   1,   0,   0,   0,   0,   0,   0,   0,   0,   0,   0,   0,   0,   0,   0,   0,   0},
{   0,   0,   0,   0,   0,   0,   0,   0,   0,   0,   0,   0,   0,   0,   0,   0,   0,   0,   0,   0,   0,   0,   0,   0,   0,   0,   0,   0,   0,   0,   1,  10,  10,  10,  10,  10,  10,  10,  10,  10,  10,  10,  10,  10,  10,  10,  10,  10,  10,  10,  10,  10,  10,  10,  10,  10,  10,  10,  10,   1,   0,   0,   0,   0,   0,   0,   0,   0,   0,   0,   0,   0,   0,   0,   0,   0,   1,  11,  11,  11,  11,  11,  11,  11,  11,  11,  11,  11,   1,   0,   0,   0,   0,   0,   0,   0,   0,   0,   0,   0,   0,   0,   0,   0,   0},
{   0,   0,   0,   1,   1,   1,   1,   1,   1,   1,   1,   1,   0,   0,   0,   0,   0,   0,   0,   0,   0,   0,   0,   0,   0,   0,   0,   0,   0,   0,   1,  10,  10,  10,  10,  10,  10,  10,  10,  10,  10,  10,  10,  10,  10,  10,  10,  10,  10,  10,  10,  10,  10,  10,  10,  10,  10,  10,  10,   1,   0,   0,   0,   0,   0,   0,   0,   0,   0,   0,   0,   0,   0,   0,   0,   0,   1,  11,  11,  11,  11,  11,  11,  11,  11,  11,  11,  11,   1,   0,   0,   0,   0,   1,   1,   1,   1,   1,   1,   1,   1,   1,   0,   0,   0},
{   0,   0,   0,   1,  10,  10,  10,  10,  10,  10,  10,   1,   0,   0,   0,   0,   0,   0,   0,   0,   0,   0,   0,   0,   0,   0,   0,   0,   0,   0,   1,  10,  10,  10,  10,  10,  10,  10,  10,  10,  10,  10,  10,  10,  10,  10,  10,  10,  10,  10,  10,  10,  10,  10,  10,  10,  10,  10,  10,   1,   0,   0,   0,   0,   0,   0,   0,   0,   0,   0,   0,   0,   0,   0,   0,   0,   1,  11,  11,   2,   2,  11,  11,  11,  11,  11,  11,  11,   1,   0,   0,   0,   0,   1,  10,  10,  10,  10,  10,  10,  10,   1,   0,   0,   0},
{   0,   0,   0,   1,  10,  10,  10,  10,  10,  10,  10,   1,   1,   1,   1,   1,   1,   1,   1,   1,   1,   1,   1,   1,   1,   1,   1,   1,   1,   1,   1,  10,  10,  10,   2,   2,  10,  10,  10,   2,   2,  10,  10,  10,  10,  10,  10,  10,  10,   2,   2,  10,  10,  10,   2,   2,  10,  10,  10,   1,   1,   1,   1,   1,   1,   1,   1,   1,   1,   1,   1,   1,   1,   1,   1,   1,   1,  11,  11,   2,   2,  11,  11,  11,  11,  11,  11,  11,   1,   1,   1,   1,   1,   1,  10,  10,  10,  10,  10,  10,  10,   1,   0,   0,   0},
{   0,   0,   0,   1,  10,  10,   2,   2,   2,  10,  10,  10,  10,  10,  10,  10,  10,  10,  10,  10,  10,  10,  10,  10,  10,  10,  10,  10,  10,  10,  10,  10,  10,  10,   2,   2,  10,  10,  10,   2,   2,  10,  10,  10,  10,  10,  10,  10,  10,   2,   2,  10,  10,  10,   2,   2,  10,  10,  10,  10,  10,  10,  10,  10,  10,  10,  10,  10,  10,  10,  10,  10,  10,  10,  10,  10,  10,  11,  11,  11,  11,  11,  11,  11,  11,  11,  11,  11,  10,  10,  10,  10,  10,  10,  10,  10,   2,   2,   2,  10,  10,   1,   0,   0,   0},
{   0,   0,   0,   1,  10,  10,   2,   2,   2,  10,  10,  10,  10,  10,  10,  10,  10,  10,  10,  10,  10,  10,  10,  10,  10,  10,  10,  10,  10,  10,  10,  10,  10,  10,   2,   2,  10,1091,  10,   2,   2,  10,  10,  10,  10,  10,  10,  10,  10,   2,   2,  10,1091,  10,   2,   2,  10,  10,  10,  10,  10,  10,  10,  10,1091,  10,  10,  10,  10,  10,1091,  10,  10,  10,  10,  10,  10,  11,  11,  11,  11,  11,  11,  11,  11,  11,  11,  11,  10,  10,  10,  10,  10,  10,  10,  10,   2,   2,   2,  10,  10,   1,   0,   0,   0},
{   0,   0,   0,   1,  10,  10,   2,   2,   2,  10,  10,  10,  10,  10,  10,  10,  10,  10,  10,  10,  10,  10,  10,  10,  10,  10,  10,  10,  10,  10,  10,  10,  10,  10,   2,   2,  10,  10,  10,   2,   2,  10,  10,  10,  10,  10,  10,  10,  10,   2,   2,  10,  10,  10,   2,   2,  10,  10,  10,  10,  10,  10,  10,  10,  10,  10,  10,  10,  10,  10,  10,  10,  10,  10,  10,  10,  10,  11,  11,  11,  11,  11,  11,  11,  11,  11,  11,  11,  10,  10,  10,  10,  10,  10,  10,  10,   2,   2,   2,  10,  10,   1,   0,   0,   0},
{   0,   0,   0,   1,  10,  10,  10,  10,  10,  10,  10,   1,   1,   1,   1,   1,   1,   1,   1,  10,  10,  10,  10,  10,  10,  10,   1,   1,   1,   1,   1,  10,  10,  10,   2,   2,  10,  10,  10,   2,   2,  10,  10,  10,  10,  10,  10,  10,  10,   2,   2,  10,  10,  10,   2,   2,  10,  10,  10,   1,   1,   1,   1,   1,   1,   1,  10,  10,  10,   1,   1,   1,   1,   1,   1,   1,   1,  11,  11,  11,  11,  11,  11,  11,   2,   2,  11,  11,   1,   1,   1,   1,   1,   1,  10,  10,  10,  10,  10,  10,  10,   1,   0,   0,   0},
{   0,   0,   0,   1,  10,  10,  10,  10,  10,  10,  10,   1,   0,   0,   0,   0,   0,   0,   1,  10,  10,  10,  10,  10,  10,  10,   1,   0,   0,   0,   1,  10,  10,  10,  10,  10,  10,  10,  10,  10,  10,  10,  10,  10,  10,  10,  10,  10,  10,  10,  10,  10,  10,  10,  10,  10,  10,  10,  10,   1,   0,   0,   0,   0,   0,   1,  10,  10,  10,   1,   0,   0,   0,   0,   0,   0,   1,  11,  11,  11,  11,  11,  11,  11,   2,   2,  11,  11,   1,   0,   0,   0,   0,   1,  10,  10,  10,  10,  10,  10,  10,   1,   0,   0,   0},
{   0,   0,   0,   1,  10,  10,  10,  10,  10,  10,  10,   1,   0,   0,   0,   0,   0,   0,   1,  10,  10,   2,   2,   2,  10,  10,   1,   0,   0,   0,   1,  10,  10,  10,  10,  10,  10,  10,  10,  10,  10,  10,  10,  10,  10,  10,  10,  10,  10,  10,  10,  10,  10,  10,  10,  10,  10,  10,  10,   1,   0,   0,   0,   0,   0,   1,  10,  10,  10,   1,   0,   0,   0,   0,   0,   0,   1,  11,1190,  11,  11,  11,  11,  11,  11,  11,  11,  11,   1,   0,   0,   0,   0,   1,  10,  10,  10,  10,  10,  10,  10,   1,   0,   0,   0},
{   0,   0,   0,   1,  10,  10,  10,  10,  10,  10,  10,   1,   0,   0,   0,   0,   0,   0,   1,  10,  10,   2,   2,   2,  10,  10,   1,   0,   0,   0,   1,  10,  10,  10,  10,  10,  10,  10,  10,  10,  10,  10,  10,  10,  10,  10,  10,  10,  10,  10,  10,  10,  10,  10,  10,  10,  10,  10,  10,   1,   0,   0,   0,   0,   0,   1,  10,  10,  10,   1,   0,   0,   0,   0,   0,   0,   1,  11,  11,  11,  11,  11,  11,  11,  11,  11,  11,  11,   1,   0,   0,   0,   0,   1,  10,  10,  10,  10,  10,  10,  10,   1,   0,   0,   0},
{   0,   0,   0,   1,  10,  10,  10,  10,  10,  10,  10,   1,   0,   0,   0,   0,   0,   0,   1,  10,  10,   2,   2,   2,  10,  10,   1,   0,   0,   0,   1,  10,  10,  10,  10,  10,  10,  10,  10,  10,  10,  10,  10,  10,  10,  10,  10,  10,  10,  10,  10,  10,  10,  10,  10,  10,  10,  10,  10,   1,   0,   0,   0,   0,   0,   1,  10,  10,  10,   1,   0,   0,   0,   0,   0,   0,   1,   1,   1,   1,   1,   1,   1,   1,   1,   1,   1,   1,   1,   0,   0,   0,   0,   1,  10,  10,  10,  10,  10,  10,  10,   1,   0,   0,   0},
{   0,   0,   0,   1,  10,  10,  10,  10,  10,  10,  10,   1,   0,   0,   0,   0,   0,   0,   1,  10,  10,  10,  10,  10,  10,  10,   1,   0,   0,   0,   1,   1,   1,   1,   1,   1,   1,   1,   1,   1,   1,   1,   1,   1,   1,   1,   1,   1,   1,   1,   1,   1,   1,   1,   1,   1,   1,   1,   1,   1,   0,   0,   0,   0,   0,   1,  10,  10,  10,   1,   0,   0,   0,   0,   0,   0,   0,   0,   0,   0,   0,   0,   0,   0,   0,   0,   0,   0,   0,   0,   0,   0,   0,   1,  10,  10,  10,  10,  10,  10,  10,   1,   0,   0,   0},
{   0,   0,   0,   1,  10,  10,  10,  10,  10,  10,  10,   1,   0,   0,   0,   0,   0,   0,   1,  10,  10,  10,  10,  10,  10,  10,   1,   0,   0,   0,   0,   0,   0,   0,   0,   0,   0,   0,   0,   0,   0,   0,   0,   0,   0,   0,   0,   0,   0,   0,   0,   0,   0,   0,   0,   0,   0,   0,   0,   0,   0,   0,   0,   0,   0,   1,  10,  10,  10,   1,   0,   0,   0,   0,   0,   0,   0,   0,   0,   0,   0,   0,   0,   0,   0,   0,   0,   0,   0,   0,   0,   0,   0,   1,  10,  10,  10,  10,  10,  10,  10,   1,   0,   0,   0},
{   0,   0,   0,   1,  10,  10,  10,  10,  10,  10,  10,   1,   0,   0,   0,   0,   1,   1,   1,  10,  10,  10,  10,  10,  10,  10,   1,   1,   1,   0,   0,   0,   0,   0,   0,   0,   0,   0,   0,   0,   0,   0,   0,   0,   0,   0,   0,   0,   0,   0,   0,   0,   0,   0,   0,   0,   0,   0,   0,   0,   0,   0,   0,   0,   0,   1,  10,  10,  10,   1,   0,   0,   0,   0,   0,   0,   0,   0,   0,   0,   0,   0,   0,   0,   0,   0,   0,   0,   0,   0,   0,   0,   0,   1,  10,  10,  10,  10,  10,  10,  10,   1,   0,   0,   0},
{   0,   0,   0,   1,  10,  10,  10,  10,  10,  10,  10,   1,   0,   0,   0,   0,   1,  10,  10,  10,  10,  10,  10,  10,  10,  10,  10,  10,   1,   0,   0,   0,   0,   0,   0,   0,   0,   0,   0,   0,   0,   0,   0,   0,   0,   0,   0,   0,   0,   0,   0,   0,   0,   0,   0,   0,   0,   0,   0,   0,   0,   0,   0,   0,   0,   1,  10,  10,  10,   1,   0,   0,   0,   0,   0,   0,   0,   0,   0,   0,   0,   0,   0,   0,   0,   0,   0,   0,   0,   0,   0,   0,   0,   1,  10,  10,  10,  10,  10,  10,  10,   1,   0,   0,   0},
{   0,   0,   0,   1,  10,  10,  10,  10,  10,  10,  10,   1,   0,   0,   0,   0,   1,  10,  10,  10,  10,  10,  10,  10,  10,  10,  10,  10,   1,   0,   0,   0,   0,   1,   1,   1,   1,   1,   1,   1,   1,   1,   1,   1,   1,   1,   1,   1,   1,   1,   1,   1,   1,   1,   1,   1,   1,   1,   1,   1,   1,   1,   1,   1,   1,   1,  10,  10,  10,   1,   1,   1,   1,   1,   1,   1,   1,   1,   1,   1,   1,   1,   1,   1,   0,   0,   0,   0,   0,   0,   0,   0,   0,   1,  10,  10,  10,   2,  10,  10,  10,   1,   0,   0,   0},
{   0,   0,   0,   1,  10,  10,  10,  10,  10,  10,  10,   1,   0,   0,   0,   0,   1,  10,  10,   2,   2,1021,1021,1021,   2,   2,  10,  10,   1,   0,   0,   0,   0,   1,  10,  10,  10,  10,  10,  10,  10,  10,  10,  10,  10,  10,  10,  10,  10,  10,  10,  10,  10,  10,  10,  10,  10,  10,  10,  10,  10,  10,  10,  10,  10,  10,  10,  10,  10,  10,  10,  10,  10,  10,  10,  10,  10,  10,  10,  10,  10,  10,  10,   1,   0,   0,   0,   0,   0,   0,   0,   0,   0,   1,  10,  10,  10,   2,  10,  10,  10,   1,   0,   0,   0},
{   0,   0,   0,   1,  10,  10,  10,  10,  10,  10,  10,   1,   1,   1,   1,   1,   1,  10,  10,   2,  10,  10,  10,  10,  10,   2,  10,  10,   1,   1,   1,   1,   1,   1,  10,  10,  10,  10,  10,  10,  10,  10,  10,  10,  10,  10,  10,  10,  10,  10,  10,  10,  10,  10,  10,  10,  10,  10,  10,  10,  10,  10,  10,  10,  10,  10,  10,  10,  10,  10,  10,  10,  10,  10,  10,  10,  10,  10,  10,  10,  10,  10,  10,   1,   1,   1,   1,   1,   1,   1,   1,   1,   1,   1,  10,  10,  10,   2,  10,  10,  10,   1,   0,   0,   0},
{   0,   0,   0,   1,  10,  10,   2,   2,   2,  10,  10,  10,  10,  10,  10,  10,  10,  10,  10,1021,  10,1091,  10,1091,  10,1021,  10,  10,  10,  10,  10,  10,  10,  10,  10,  10,  10,  10,  10,  10,  10,  10,  10,  10,  10,  10,  10,  10,  10,  10,   2,  10,  10,  10,   2,  10,  10,  10,  10,  10,  10,  10,  10,  10,  10,  10,  10,  10,  10,  10,  10,  10,  10,  10,  10,  10,  10,  10,   2,  10,  10,  10,  10,  10,  10,  10,  10,  10,  10,  10,  10,  10,  10,  10,  10,  10,  10,   2,  10,  10,  10,   1,   0,   0,   0},
{   0,   0,   0,   1,  10,  10,   2,   2,   2,  10,  10,  10,  10,  10,  10,  10,  10,  10,  10,1021,  10,  10,1090,  10,  10,1021,  10,  10,  10,  10,  10,  10,  10,  10,  10,  10,  10,1091,  10,  10,  10,  10,  10,  10,  10,  10,  10,  10,  10,  10,   2,  10,1091,  10,   2,  10,  10,  10,  10,  10,  10,  10,  10,   2,   2,   2,   2,   2,   2,   2,   2,   2,  10,  10,  10,  10,  10,  10,   2,  10,  10,  10,  10,  10,  10,  10,  10,  10,  10,  10,  10,  10,  10,  10,  10,  10,  10,   2,  10,  10,  10,   1,   0,   0,   0},
{   0,   0,   0,   1,  10,  10,   2,   2,   2,  10,  10,  10,  10,  10,  10,  10,  10,  10,  10,1021,  10,1091,  10,1091,  10,1021,  10,  10,  10,  10,  10,  10,  10,  10,  10,  10,  10,  10,  10,  10,  10,  10,  10,  10,  10,  10,  10,  10,  10,  10,   2,  10,  10,  10,   2,  10,  10,  10,  10,  10,  10,  10,  10,  10,  10,  10,  10,  10,  10,  10,  10,  10,  10,  10,  10,  10,  10,  10,   2,  10,  10,  10,  10,  10,  10,  10,  10,  10,  10,  10,  10,  10,  10,  10,  10,  10,  10,   2,  10,  10,  10,   1,   0,   0,   0},
{   0,   0,   0,   1,  10,  10,  10,  10,  10,  10,  10,   1,   1,   1,   1,   1,   1,  10,  10,   2,  10,  10,  10,  10,  10,   2,  10,  10,   1,   1,   1,   1,   1,   1,  10,  10,  10,  10,  10,  10,  10,  10,  10,  10,  10,  10,  10,  10,  10,  10,  10,  10,  10,  10,  10,  10,  10,  10,  10,  10,  10,  10,  10,  10,  10,  10,  10,  10,  10,  10,  10,  10,  10,  10,  10,  10,  10,  10,  10,  10,  10,  10,  10,   1,   1,   1,   1,   1,   1,   1,   1,   1,   1,   1,  10,  10,  10,   2,  10,  10,  10,   1,   0,   0,   0},
{   0,   0,   0,   1,  10,  10,  10,  10,  10,  10,  10,   1,   0,   0,   0,   0,   1,  10,  10,   2,   2,1021,1021,1021,   2,   2,  10,  10,   1,   0,   0,   0,   0,   1,  10,  10,  10,  10,  10,  10,  10,  10,  10,  10,  10,  10,  10,  10,  10,  10,  10,  10,  10,  10,  10,  10,  10,  10,  10,  10,  10,  10,  10,  10,  10,  10,  10,  10,  10,  10,  10,  10,  10,  10,  10,  10,  10,  10,  10,  10,  10,  10,  10,   1,   0,   0,   0,   0,   0,   0,   0,   0,   0,   1,  10,  10,  10,   2,  10,  10,  10,   1,   0,   0,   0},
{   0,   0,   0,   1,   1,   1,   1,   1,   1,   1,   1,   1,   0,   0,   0,   0,   1,  10,  10,  10,  10,  10,  10,  10,  10,  10,  10,  10,   1,   0,   0,   0,   0,   1,  10,  10,  10,  10,  10,  10,  10,   1,   1,   1,   1,   1,   1,   1,   1,  10,  10,  10,  10,  10,  10,  10,   1,   1,   1,   1,   1,   1,   1,   1,   1,   1,   1,   1,   1,   1,   1,   1,   1,   1,   1,   1,   1,   1,   1,   1,   1,   1,   1,   1,   0,   0,   0,   0,   0,   0,   0,   0,   0,   1,  10,  10,  10,   2,  10,  10,  10,   1,   0,   0,   0},
{   0,   0,   0,   0,   0,   0,   0,   0,   0,   0,   0,   0,   0,   0,   0,   0,   1,  10,  10,  10,  10,  10,  10,  10,  10,  10,  10,  10,   1,   0,   0,   0,   0,   1,  10,  10,  10,  10,  10,  10,  10,   1,   0,   0,   0,   0,   0,   0,   1,  10,  10,  10,  10,  10,  10,  10,   1,   0,   0,   0,   0,   0,   0,   0,   0,   0,   0,   0,   0,   0,   0,   0,   0,   0,   0,   0,   0,   0,   0,   0,   0,   0,   0,   0,   0,   0,   0,   0,   0,   0,   0,   0,   0,   1,  10,  10,  10,  10,  10,  10,  10,   1,   0,   0,   0},
{   0,   0,   0,   0,   0,   0,   0,   0,   0,   0,   0,   0,   0,   0,   0,   0,   1,   1,   1,   1,   1,  10,  10,  10,   1,   1,   1,   1,   1,   0,   0,   0,   0,   1,  10,  10,  10,  10,  10,  10,  10,   1,   0,   0,   0,   0,   0,   0,   1,  10,  10,  10,  10,  10,  10,  10,   1,   0,   0,   0,   0,   0,   0,   0,   0,   0,   0,   0,   0,   0,   0,   0,   0,   0,   0,   0,   0,   0,   0,   0,   0,   0,   0,   0,   0,   0,   0,   0,   0,   0,   0,   0,   0,   1,  10,  10,  10,  10,  10,  10,  10,   1,   0,   0,   0},
{   0,   0,   0,   0,   0,   0,   0,   0,   0,   0,   0,   0,   0,   0,   0,   0,   0,   0,   0,   0,   1,  10,  10,  10,   1,   0,   0,   0,   0,   0,   0,   0,   0,   1,  10,  10,  10,  10,  10,  10,  10,   1,   0,   0,   0,   0,   0,   0,   1,  10,  10,  10,  10,  10,  10,  10,   1,   0,   0,   0,   0,   0,   0,   0,   0,   0,   0,   0,   0,   0,   0,   0,   0,   0,   0,   0,   0,   0,   0,   0,   0,   0,   0,   0,   0,   0,   0,   0,   0,   0,   0,   0,   0,   1,  10,  10,  10,  10,  10,  10,  10,   1,   0,   0,   0},
{   0,   0,   0,   0,   0,   0,   0,   0,   0,   0,   0,   0,   0,   0,   0,   0,   0,   0,   0,   0,   1,  10,  10,  10,   1,   0,   0,   0,   0,   0,   0,   0,   0,   1,  10,  10,  10,  10,  10,  10,  10,   1,   0,   0,   0,   0,   0,   0,   1,  10,  10,  10,  10,  10,  10,  10,   1,   0,   0,   0,   0,   0,   0,   0,   0,   0,   0,   0,   0,   0,   0,   0,   0,   0,   0,   0,   0,   0,   0,   0,   0,   0,   0,   0,   0,   0,   0,   0,   0,   0,   0,   0,   0,   1,  10,  10,  10,  10,  10,  10,  10,   1,   0,   0,   0},
{   0,   0,   0,   0,   0,   0,   0,   0,   0,   0,   0,   0,   0,   0,   0,   0,   0,   0,   0,   0,   1,  10,  10,  10,   1,   0,   0,   0,   0,   0,   0,   0,   0,   1,  10,  10,  10,  10,  10,  10,  10,   1,   0,   0,   0,   0,   0,   0,   1,  10,  10,  10,  10,  10,  10,  10,   1,   0,   0,   0,   0,   0,   0,   0,   0,   0,   0,   0,   0,   0,   0,   0,   0,   0,   0,   0,   0,   0,   0,   0,   0,   0,   0,   0,   0,   0,   0,   0,   0,   0,   0,   0,   0,   1,  10,  10,  10,  10,  10,  10,  10,   1,   0,   0,   0},
{   0,   0,   0,   0,   0,   0,   0,   0,   0,   0,   0,   0,   0,   0,   0,   0,   0,   0,   0,   0,   1,  10,  10,  10,   1,   0,   0,   0,   0,   0,   0,   0,   0,   1,  10,  10,  10,  10,  10,  10,  10,   1,   0,   0,   0,   0,   0,   0,   1,  10,  10,  10,  10,  10,  10,  10,   1,   0,   0,   0,   0,   0,   0,   0,   0,   0,   0,   0,   0,   0,   0,   0,   0,   0,   0,   0,   0,   0,   0,   0,   0,   0,   0,   0,   0,   0,   0,   0,   0,   0,   0,   0,   0,   1,  10,  10,  10,  10,  10,  10,  10,   1,   0,   0,   0},
{   0,   0,   0,   0,   0,   0,   0,   0,   0,   0,   0,   0,   0,   0,   0,   0,   0,   0,   0,   0,   1,  10,  10,  10,   1,   0,   0,   0,   0,   0,   0,   0,   0,   1,  10,  10,  10,  10,  10,  10,  10,   1,   0,   0,   0,   0,   0,   0,   1,  10,  10,  10,  10,  10,  10,  10,   1,   0,   0,   0,   0,   0,   0,   1,   1,   1,   1,   1,   1,   1,   1,   1,   1,   1,   1,   1,   1,   1,   1,   1,   1,   1,   1,   1,   1,   1,   1,   0,   0,   0,   0,   0,   0,   1,  10,  10,  10,   2,  10,  10,  10,   1,   0,   0,   0},
{   0,   0,   0,   0,   0,   0,   0,   0,   0,   0,   0,   0,   0,   0,   0,   0,   0,   0,   0,   0,   1,  10,  10,  10,   1,   0,   0,   0,   0,   0,   0,   0,   0,   1,  10,  10,  10,  10,  10,  10,  10,   1,   0,   0,   0,   0,   0,   0,   1,  10,  10,  10,  10,  10,  10,  10,   1,   0,   0,   0,   0,   0,   0,   1,  10,  10,  10,  10,  10,  10,  10,  10,  10,  10,  10,  10,  10,  10,  10,  10,  10,  10,  10,  10,  10,  10,   1,   0,   0,   0,   0,   0,   0,   1,  10,  10,  10,   2,  10,  10,  10,   1,   0,   0,   0},
{   0,   0,   0,   0,   0,   1,   1,   1,   1,   1,   1,   1,   1,   1,   1,   1,   1,   1,   1,   1,   1,  10,  10,  10,   1,   0,   0,   0,   0,   0,   0,   0,   0,   1,  10,  10,  10,  10,  10,  10,  10,   1,   0,   0,   0,   0,   0,   0,   1,  10,  10,  10,  10,  10,  10,  10,   1,   1,   1,   1,   1,   1,   1,   1,  10,  10,  10,  10,  10,  10,  10,  10,  10,  10,  10,  10,  10,  10,  10,  10,  10,  10,  10,  10,  10,  10,   1,   1,   1,   1,   1,   1,   1,   1,  10,  10,  10,   2,  10,  10,  10,   1,   0,   0,   0},
{   0,   0,   0,   0,   0,   1,  10,  10,  10,  10,  10,  10,  10,  10,  10,  10,  10,  10,  10,  10,  10,  10,  10,  10,   1,   0,   0,   0,   0,   0,   0,   0,   0,   1,  10,  10,  10,  10,  10,  10,  10,   1,   0,   0,   0,   0,   0,   0,   1,  10,  10,  10,  10,  10,  10,  10,  10,  10,  10,  10,  10,  10,  10,  10,  10,  10,  10,  10,  10,   2,   2,   2,  10,  10,  10,  10,  10,  10,   2,   2,   2,  10,  10,  10,  10,  10,  10,  10,  10,  10,  10,  10,  10,  10,  10,  10,  10,   2,  10,  10,  10,   1,   0,   0,   0},
{   0,   0,   0,   0,   0,   1,  10,1091,  10,  10,  10,  10,  10,  10,  10,  10,  10,  10,  10,  10,  10,  10,  10,  10,   1,   0,   0,   0,   0,   0,   0,   0,   0,   1,  10,  10,  10,  10,  10,1090,  10,   1,   0,   0,   0,   0,   0,   0,   1,  10,  10,  10,1091,  10,  10,  10,  10,  10,  10,  10,  10,  10,  10,  10,  10,  10,  10,  10,  10,   2,   2,   2,  10,  10,  10,  10,  10,  10,   2,   2,   2,  10,  10,  10,  10,  10,  10,  10,  10,  10,  10,  10,  10,  10,  10,  10,  10,   2,  10,  10,  10,   1,   0,   0,   0},
{   0,   0,   0,   0,   0,   1,  10,  10,  10,  10,  10,  10,  10,  10,  10,  10,  10,  10,  10,  10,  10,  10,  10,  10,   1,   0,   0,   0,   0,   0,   0,   0,   0,   1,  10,  10,  10,  10,  10,  10,  10,   1,   0,   0,   0,   0,   0,   0,   1,  10,  10,  10,  10,  10,  10,  10,  10,  10,  10,  10,  10,  10,  10,  10,  10,  10,  10,  10,  10,   2,   2,   2,  10,  10,  10,  10,  10,  10,   2,   2,   2,  10,  10,  10,  10,  10,  10,  10,  10,  10,  10,  10,  10,  10,  10,  10,  10,   2,  10,  10,  10,   1,   0,   0,   0},
{   0,   0,   0,   0,   0,   1,  10,  10,  10,   1,   1,   1,   1,   1,   1,   1,   1,   1,   1,   1,   1,  10,  10,  10,   1,   0,   0,   0,   0,   0,   0,   0,   0,   1,  10,  10,  10,  10,  10,  10,  10,   1,   0,   0,   0,   0,   0,   0,   1,  10,  10,  10,  10,  10,  10,  10,   1,   1,   1,   1,   1,   1,   1,   1,  10,  10,  10,  10,  10,  10,  10,  10,  10,  10,  10,  10,  10,  10,  10,  10,  10,  10,  10,  10,  10,  10,   1,   1,   1,   1,   1,   1,   1,   1,  10,  10,  10,   2,  10,  10,  10,   1,   0,   0,   0},
{   0,   0,   0,   0,   0,   1,  10,  10,  10,   1,   0,   0,   0,   0,   0,   0,   0,   0,   0,   0,   1,  10,  10,  10,   1,   0,   0,   0,   0,   0,   0,   0,   0,   1,  10,  10,  10,  10,  10,  10,  10,   1,   0,   0,   0,   0,   0,   0,   1,  10,  10,  10,  10,  10,  10,  10,   1,   0,   0,   0,   0,   0,   0,   1,  10,  10,  10,  10,  10,  10,  10,  10,  10,  10,  10,  10,  10,  10,  10,  10,  10,  10,  10,  10,  10,  10,   1,   0,   0,   0,   0,   0,   0,   1,  10,  10,  10,   2,  10,  10,  10,   1,   0,   0,   0},
{   0,   0,   0,   0,   0,   1,  10,  10,  10,   1,   0,   0,   0,   0,   0,   0,   0,   0,   0,   0,   1,  10,  10,  10,   1,   0,   0,   0,   0,   0,   0,   0,   0,   1,  10,  10,  10,  10,  10,  10,  10,   1,   0,   0,   0,   0,   0,   0,   1,  10,  10,  10,  10,  10,  10,  10,   1,   0,   0,   0,   0,   0,   0,   1,  10,  10,  10,  10,  10,  10,  10,   1,   1,   1,   1,   1,   1,   1,   1,  10,  10,  10,  10,  10,  10,  10,   1,   0,   0,   0,   0,   0,   0,   1,  10,  10,  10,   2,  10,  10,  10,   1,   0,   0,   0},
{   0,   0,   0,   0,   0,   1,  10,  10,  10,   1,   0,   0,   0,   0,   0,   0,   0,   0,   0,   0,   1,  10,  10,  10,   1,   0,   0,   0,   0,   0,   0,   0,   0,   1,  10,  10,  10,  10,  10,  10,  10,   1,   0,   0,   0,   0,   0,   0,   1,  10,  10,  10,  10,  10,  10,  10,   1,   0,   0,   0,   0,   0,   0,   1,  10,  10,  10,  10,  10,  10,  10,   1,   0,   0,   0,   0,   0,   0,   1,  10,  10,  10,  10,  10,  10,  10,   1,   0,   0,   0,   0,   0,   0,   1,  10,  10,  10,  10,  10,  10,  10,   1,   0,   0,   0},
{   0,   0,   0,   0,   0,   1,  10,  10,  10,   1,   0,   0,   0,   0,   0,   0,   0,   0,   0,   0,   1,  10,  10,  10,   1,   0,   0,   0,   0,   0,   0,   0,   0,   1,  10,  10,  10,  10,  10,  10,  10,   1,   0,   0,   0,   0,   0,   0,   1,  10,  10,  10,  10,  10,  10,  10,   1,   0,   0,   0,   0,   0,   0,   1,  10,  10,  10,  10,  10,  10,  10,   1,   0,   0,   0,   0,   0,   0,   1,  10,  10,  10,  10,  10,  10,  10,   1,   0,   0,   0,   0,   0,   0,   1,  10,  10,  10,  10,  10,  10,  10,   1,   0,   0,   0},
{   0,   0,   0,   0,   0,   1,  10,  10,  10,   1,   0,   0,   0,   0,   0,   0,   0,   0,   0,   0,   1,  10,  10,  10,   1,   0,   0,   0,   0,   0,   0,   0,   0,   1,  10,  10,  10,  10,  10,  10,  10,   1,   0,   0,   0,   0,   0,   0,   1,  10,  10,  10,  10,  10,  10,  10,   1,   0,   0,   0,   0,   0,   0,   1,  10,  10,  10,  10,  10,  10,  10,   1,   0,   0,   0,   0,   0,   0,   1,  10,  10,  10,  10,  10,  10,  10,   1,   0,   0,   0,   0,   0,   0,   1,  10,  10,  10,  10,  10,  10,  10,   1,   0,   0,   0},
{   0,   0,   0,   0,   0,   1,  10,  10,  10,   1,   0,   0,   0,   0,   0,   0,   0,   0,   0,   0,   1,  10,  10,  10,   1,   0,   0,   0,   0,   0,   0,   0,   0,   1,  10,  10,  10,  10,  10,  10,  10,   1,   0,   0,   0,   0,   0,   0,   1,  10,  10,  10,  10,  10,  10,  10,   1,   0,   0,   0,   0,   0,   0,   1,  10,  10,  10,  10,  10,  10,  10,   1,   0,   0,   0,   0,   0,   0,   1,  10,  10,  10,  10,  10,  10,  10,   1,   0,   0,   0,   0,   0,   0,   1,  10,  10,  10,  10,  10,  10,  10,   1,   0,   0,   0},
{   0,   0,   0,   0,   0,   1,  10,  10,  10,   1,   0,   0,   0,   0,   0,   0,   0,   0,   0,   0,   1,  10,  10,  10,   1,   0,   0,   0,   0,   0,   0,   0,   0,   1,  10,  10,  10,  10,  10,  10,  10,   1,   0,   0,   0,   0,   0,   0,   1,  10,  10,  10,  10,  10,  10,  10,   1,   0,   0,   0,   0,   0,   0,   1,  10,  10,  10,  10,  10,  10,  10,   1,   0,   0,   0,   0,   0,   0,   1,  10,  10,  10,  10,  10,  10,  10,   1,   0,   0,   0,   0,   0,   0,   1,  10,  10,  10,  10,  10,  10,  10,   1,   0,   0,   0},
{   0,   0,   0,   0,   0,   1,  10,  10,  10,   1,   0,   0,   0,   0,   0,   0,   0,   0,   0,   0,   1,  10,  10,  10,   1,   0,   0,   0,   0,   0,   0,   0,   0,   1,  10,  10,  10,  10,  10,  10,  10,   1,   0,   0,   0,   0,   0,   0,   1,  10,  10,  10,  10,  10,  10,  10,   1,   0,   0,   0,   0,   0,   0,   1,  10,  10,  10,  10,  10,  10,  10,   1,   0,   0,   0,   0,   0,   0,   1,  10,  10,  10,  10,  10,  10,  10,   1,   0,   0,   0,   0,   0,   0,   1,  10,  10,  10,  10,  10,  10,  10,   1,   0,   0,   0},
{   0,   0,   0,   0,   0,   1,  10,  10,  10,   1,   1,   1,   1,   1,   1,   1,   1,   1,   1,   1,   1,  10,  10,  10,   1,   1,   1,   1,   1,   1,   1,   1,   1,   1,  10,  10,  10,  10,  10,  10,  10,   1,   1,   1,   1,   1,   1,   1,   1,  10,  10,  10,   2,  10,  10,  10,   1,   1,   1,   1,   1,   1,   1,   1,  10,  10,  10,  10,  10,  10,  10,   1,   1,   1,   1,   1,   1,   1,   1,  10,  10,  10,  10,  10,  10,  10,   1,   1,   1,   1,   1,   1,   1,   1,  10,  10,  10,  10,  10,  10,  10,   1,   0,   0,   0},
{   0,   0,   0,   0,   0,   1,  10,  10,  10,  10,  10,  10,  10,  10,  10,  10,  10,  10,  10,  10,  10,  10,  10,  10,  10,  10,  10,  10,  10,  10,  10,  10,  10,  10,  10,  10,  10,  10,  10,  10,  10,  10,  10,  10,  10,  10,  10,  10,  10,  10,  10,  10,   2,  10,  10,  10,  10,  10,  10,  10,  10,  10,  10,  10,  10,  10,  10,  10,  10,  10,  10,  10,  10,  10,  10,  10,  10,  10,  10,  10,  10,  10,  10,  10,  10,  10,  10,  10,  10,  10,  10,  10,  10,  10,  10,  10,  10,  10,  10,  10,  10,   1,   0,   0,   0},
{   0,   0,   0,   0,   0,   1,  10,  10,  10,  10,  10,  10,  10,  10,  10,  10,  10,  10,  10,  10,  10,  10,  10,  10,  10,  10,  10,  10,  10,  10,  10,  10,  10,  10,  10,  10,  10,  10,  10,  10,  10,  10,  10,  10,  10,  10,  10,  10,  10,  10,  10,  10,   2,  10,  10,  10,  10,  10,  10,  10,  10,  10,  10,  10,  10,  10,  10,  10,  10,  10,  10,  10,  10,  10,  10,  10,  10,  10,  10,  10,  10,  10,  10,  10,  10,  10,  10,  10,  10,  10,  10,  10,  10,  10,  10,  10,  10,  10,  10,  10,  10,   1,   0,   0,   0},
{   0,   0,   0,   0,   0,   1,  10,  10,  10,  10,  10,  10,  10,  10,  10,  10,  10,  10,  10,  10,  10,  10,  10,  10,  10,  10,  10,  10,  10,  10,  10,  10,  10,  10,  10,   2,  10,  10,  10,   2,  10,  10,  10,  10,  10,  10,  10,  10,  10,  10,  10,  10,  10,  10,  10,  10,  10,  10,  10,  10,  10,  10,  10,   2,  10,  10,  10,  10,  10,  10,  10,  10,  10,  10,  10,  10,  10,  10,  10,  10,  10,  10,  10,  10,  10,  10,  10,  10,  10,  10,  10,  10,  10,  10,  10,  10,  10,  10,  10,  10,  10,   1,   0,   0,   0},
{   0,   0,   0,   0,   0,   1,  10,1091,  10,  10,  10,  10,  10,  10,  10,  10,  10,  10,1091,  10,  10,  10,  10,  10,  10,  10,1091,  10,  10,  10,  10,  10,  10,  10,  10,   2,  10,1091,  10,   2,  10,  10,  10,  10,  10,  10,  10,  10,  10,  10,  10,  10,1091,  10,  10,  10,  10,  10,  10,  10,  10,  10,  10,   2,  10,  10,  10,1091,  10,  10,  10,  10,  10,  10,  10,  10,  10,  10,  10,   2,   2,  10,  10,  10,   2,   2,  10,  10,  10,  10,  10,  10,  10,  10,  10,  10,  10,  10,  10,  10,  10,   1,   0,   0,   0},
{   0,   0,   0,   0,   0,   1,  10,  10,  10,  10,  10,  10,  10,  10,  10,  10,  10,  10,  10,  10,  10,  10,  10,  10,  10,  10,  10,  10,  10,  10,  10,  10,  10,  10,  10,   2,  10,  10,  10,   2,  10,  10,  10,  10,  10,  10,  10,  10,  10,  10,  10,  10,  10,  10,  10,  10,  10,  10,  10,  10,  10,  10,  10,   2,  10,  10,  10,  10,  10,  10,  10,  10,  10,  10,  10,  10,  10,  10,  10,   2,   2,  10,  10,  10,   2,   2,  10,  10,  10,  10,  10,  10,  10,  10,  10,  10,  10,  10,  10,  10,  10,   1,   0,   0,   0},
{   0,   0,   0,   0,   0,   1,  10,  10,  10,  10,  10,  10,  10,  10,  10,  10,  10,  10,  10,  10,  10,  10,  10,  10,  10,  10,  10,  10,  10,  10,  10,  10,  10,  10,  10,  10,  10,  10,  10,  10,  10,  10,  10,  10,  10,  10,  10,  10,  10,  10,  10,  10,  10,  10,  10,  10,  10,  10,  10,  10,  10,  10,  10,  10,  10,  10,  10,  10,  10,  10,  10,  10,  10,  10,  10,  10,  10,  10,  10,   2,   2,  10,1090,  10,   2,   2,  10,  10,  10,  10,  10,  10,  10,  10,  10,  10,  10,  10,  10,1090,  10,   1,   0,   0,   0},
{   0,   0,   0,   0,   0,   1,  10,  10,  10,  10,  10,  10,  10,  10,  10,  10,  10,  10,  10,  10,  10,  10,  10,  10,  10,  10,  10,  10,  10,  10,  10,  10,  10,  10,  10,  10,  10,  10,  10,  10,  10,  10,  10,  10,  10,  10,  10,  10,  10,  10,  10,  10,  10,  10,  10,  10,  10,  10,  10,  10,  10,  10,  10,  10,  10,  10,  10,  10,  10,  10,  10,  10,  10,  10,  10,  10,  10,  10,  10,   2,   2,  10,  10,  10,   2,   2,  10,  10,  10,  10,  10,  10,  10,  10,  10,  10,  10,  10,  10,  10,  10,   1,   0,   0,   0},
{   0,   0,   0,   0,   0,   1,  10,  10,  10,   1,   1,   1,   1,   1,   1,   1,   1,   1,   1,   1,   1,  10,  10,  10,   1,   1,   1,   1,   1,   1,   1,   1,   1,   1,   1,   1,   1,   1,   1,   1,   1,   1,   1,   1,   1,   1,   1,   1,   1,   1,   1,  10,  10,  10,   1,   1,   1,   1,   1,   1,   1,   1,   1,   1,  10,  10,   2,   2,   2,  10,  10,   1,   1,   1,   1,   1,   1,   1,   1,   1,   1,   1,   1,   1,   1,   1,   1,   1,   1,   1,   1,   1,   1,   1,   1,   1,   1,   1,   1,   1,   1,   1,   0,   0,   0},
{   0,   0,   0,   0,   0,   1,  10,  10,  10,   1,   0,   0,   0,   0,   0,   0,   0,   0,   0,   0,   1,  10,  10,  10,   1,   0,   0,   0,   0,   0,   0,   0,   0,   0,   0,   0,   0,   0,   0,   0,   0,   0,   0,   0,   0,   0,   0,   0,   0,   0,   1,  10,  10,  10,   1,   0,   0,   0,   0,   0,   0,   0,   0,   1,  10,  10,  10,  10,  10,  10,  10,   1,   0,   0,   0,   0,   0,   0,   0,   0,   0,   0,   0,   0,   0,   0,   0,   0,   0,   0,   0,   0,   0,   0,   0,   0,   0,   0,   0,   0,   0,   0,   0,   0,   0},
{   0,   0,   0,   0,   0,   1,  10,  10,  10,   1,   0,   0,   0,   0,   0,   0,   0,   0,   0,   0,   1,  10,  10,  10,   1,   0,   0,   0,   0,   0,   0,   0,   0,   0,   0,   0,   0,   0,   0,   0,   0,   0,   0,   0,   0,   0,   0,   0,   0,   0,   1,  10,  10,  10,   1,   0,   0,   0,   0,   0,   0,   0,   0,   1,  10,  10,  10,  10,  10,  10,  10,   1,   0,   0,   0,   0,   0,   0,   0,   0,   0,   0,   0,   0,   0,   0,   0,   0,   0,   0,   0,   0,   0,   0,   0,   0,   0,   0,   0,   0,   0,   0,   0,   0,   0},
{   0,   0,   0,   0,   0,   1,  10,  10,  10,   1,   0,   0,   0,   0,   0,   0,   0,   0,   0,   0,   1,  10,  10,  10,   1,   0,   0,   0,   0,   0,   0,   0,   0,   0,   0,   0,   0,   0,   0,   0,   0,   0,   0,   0,   0,   0,   0,   0,   0,   0,   1,  10,  10,  10,   1,   0,   0,   0,   0,   0,   0,   0,   0,   1,  10,  10,  10,  10,  10,  10,  10,   1,   0,   0,   0,   0,   0,   0,   0,   0,   0,   0,   0,   0,   0,   0,   0,   0,   0,   0,   0,   0,   0,   0,   0,   0,   0,   0,   0,   0,   0,   0,   0,   0,   0},
{   0,   0,   0,   0,   0,   1,  10,  10,  10,   1,   0,   0,   0,   0,   0,   0,   0,   0,   0,   0,   1,  10,  10,  10,   1,   0,   0,   0,   0,   0,   0,   0,   0,   0,   0,   0,   0,   0,   0,   0,   0,   0,   0,   0,   0,   0,   0,   0,   0,   0,   1,  10,  10,  10,   1,   0,   0,   0,   0,   0,   0,   0,   0,   1,  10,  10,  10,  10,  10,  10,  10,   1,   0,   0,   0,   0,   0,   0,   0,   0,   0,   0,   0,   0,   0,   0,   0,   0,   0,   0,   0,   0,   0,   0,   0,   0,   0,   0,   0,   0,   0,   0,   0,   0,   0},
{   0,   1,   1,   1,   1,   1,  10,  10,  10,   1,   1,   1,   1,   1,   0,   0,   0,   0,   0,   0,   1,  10,  10,  10,   1,   0,   0,   0,   0,   0,   0,   1,   1,   1,   1,   1,   1,   1,   1,   1,   1,   1,   1,   1,   0,   0,   0,   0,   0,   0,   1,  10,  10,  10,   1,   0,   0,   0,   0,   0,   0,   0,   0,   1,  10,  10,  10,  10,  10,  10,  10,   1,   0,   0,   0,   0,   1,   1,   1,   1,   1,   1,   1,   1,   1,   1,   1,   1,   1,   0,   0,   0,   0,   0,   0,   1,   1,   1,   1,   1,   0,   0,   0,   0,   0},
{   0,   1,  11,  11,  11,  11,  11,  11,  11,  11,  11,  11,  11,   1,   0,   0,   0,   0,   0,   0,   1,  10,  10,  10,   1,   0,   0,   0,   0,   0,   0,   1,  11,  11,  11,  11,  11,  11,  11,  11,  11,  11,  11,   1,   0,   0,   0,   0,   0,   0,   1,  10,  10,  10,   1,   0,   0,   0,   0,   0,   0,   0,   0,   1,  10,  10,  10,  10,  10,  10,  10,   1,   0,   0,   0,   0,   1,  11,  11,  11,  11,  11,  11,  11,  11,  11,  11,  11,   1,   0,   0,   0,   0,   0,   0,   1,  11,  11,  11,   1,   0,   0,   0,   0,   0},
{   0,   1,  11,1190,  11,  11,  11,  11,  11,  11,  11,  11,  11,   1,   0,   0,   0,   0,   0,   0,   1,  10,  10,  10,   1,   0,   0,   0,   0,   0,   0,   1,  11,1190,  11,  11,  11,  11,  11,  11,  11,  11,  11,   1,   0,   0,   0,   0,   0,   0,   1,  10,  10,  10,   1,   0,   0,   0,   0,   0,   0,   0,   0,   1,  10,  10,  10,  10,  10,  10,  10,   1,   0,   0,   0,   0,   1,  11,  11,  11,  11,  11,  11,  11,  11,  11,  11,  11,   1,   0,   0,   0,   0,   0,   0,   1,  11,1190,  11,   1,   0,   0,   0,   0,   0},
{   0,   1,  11,  11,  11,  11,  11,  11,  11,   2,   2,  11,  11,   1,   0,   0,   0,   0,   0,   0,   1,  10,  10,  10,   1,   0,   0,   0,   0,   0,   0,   1,  11,  11,  11,  11,  11,  11,  11,   2,   2,  11,  11,   1,   0,   0,   0,   0,   0,   0,   1,  10,  10,  10,   1,   0,   0,   0,   0,   0,   0,   0,   0,   1,  10,  10,  10,  10,  10,  10,  10,   1,   0,   0,   0,   0,   1,  11,  11,   2,   2,  11,  11,  11,  11,  11,  11,  11,   1,   0,   0,   0,   0,   0,   0,   1,  11,  11,  11,   1,   0,   0,   0,   0,   0},
{   0,   1,  11,  11,  11,  11,  11,  11,  11,   2,   2,  11,  11,   1,   0,   0,   0,   0,   0,   0,   1,  10,  10,  10,   1,   1,   1,   1,   1,   1,   1,   1,  11,  11,  11,  11,  11,  11,  11,   2,   2,  11,  11,   1,   1,   1,   1,   1,   1,   1,   1,  10,  10,  10,   1,   1,   1,   1,   1,   1,   1,   1,   1,   1,  10,  10,  10,  10,  10,  10,  10,   1,   1,   1,   1,   1,   1,  11,  11,   2,   2,  11,  11,  11,  11,  11,  11,  11,   1,   1,   1,   1,   1,   1,   1,   1,  11,  11,  11,   1,   0,   0,   0,   0,   0},
{   0,   1,  11,  11,  11,  11,  11,  11,  11,  11,  11,  11,  11,   1,   0,   0,   0,   0,   0,   0,   1,  10,  10,  10,  10,  10,  10,  10,  10,  10,  10,  10,  11,  11,  11,  11,  11,  11,  11,  11,  11,  11,  11,  10,  10,  10,  10,  10,  10,  10,  10,  10,  10,  10,  10,  10,  10,  10,  10,  10,  10,  10,  10,  10,  10,  10,  10,  10,  10,  10,  10,  10,  10,  10,  10,  10,  10,  11,  11,  11,  11,  11,  11,  11,  11,  11,  11,  11,  10,  10,  10,  10,  10,  10,  10,  10,  10,  10,  10,   1,   0,   0,   0,   0,   0},
{   0,   1,  11,  11,  11,  11,  11,  11,  11,  11,  11,  11,  11,   1,   0,   0,   0,   0,   0,   0,   1,  10,  10,  10,  10,  10,  10,  10,  10,  10,  10,  10,  11,  11,  11,  11,  11,  11,  11,  11,  11,  11,  11,  10,  10,  10,  10,  10,  10,  10,  10,  10,1091,  10,  10,  10,  10,  10,  10,  10,  10,  10,  10,  10,  10,  10,  10,1091,  10,  10,  10,  10,  10,  10,  10,  10,  10,  11,  11,  11,  11,  11,  11,  11,  11,  11,  11,  11,  10,  10,  10,  10,  10,  10,  10,  10,  10,  10,  10,   1,   0,   0,   0,   0,   0},
{   0,   1,  11,  11,  11,  11,  11,  11,  11,  11,  11,  11,  11,   1,   0,   0,   0,   0,   0,   0,   1,  10,  10,  10,  10,  10,  10,  10,  10,  10,  10,  10,  11,  11,  11,  11,  11,  11,  11,  11,  11,  11,  11,  10,  10,  10,  10,  10,  10,  10,  10,  10,  10,  10,  10,  10,  10,  10,  10,  10,  10,  10,  10,  10,  10,  10,  10,  10,  10,  10,  10,  10,  10,  10,  10,  10,  10,  11,  11,  11,  11,  11,  11,  11,  11,  11,  11,  11,  10,  10,  10,  10,  10,  10,  10,  10,  10,  10,  10,   1,   0,   0,   0,   0,   0},
{   0,   1,  11,  11,   2,   2,  11,  11,  11,  11,  11,  11,  11,   1,   0,   0,   0,   0,   0,   0,   1,  10,  10,  10,   1,   1,   1,   1,   1,   1,   1,   1,  11,  11,   2,   2,  11,  11,  11,  11,  11,  11,  11,   1,   1,   1,   1,   1,   1,   1,   1,  10,  10,  10,   1,   1,   1,   1,   1,   1,   1,   1,   1,   1,   1,   1,   1,   1,   1,   1,   1,   1,   1,   1,   1,   1,   1,  11,  11,  11,  11,  11,  11,  11,   2,   2,  11,  11,   1,   1,   1,   1,   1,   1,   1,   1,  10,  10,  10,   1,   0,   0,   0,   0,   0},
{   0,   1,  11,  11,   2,   2,  11,  11,  11,  11,  11,  11,  11,   1,   0,   0,   0,   0,   0,   0,   1,  10,  10,  10,   1,   0,   0,   0,   0,   0,   0,   1,  11,  11,   2,   2,  11,  11,  11,  11,  11,  11,  11,   1,   0,   0,   0,   0,   0,   0,   1,  10,  10,  10,   1,   0,   0,   0,   0,   0,   0,   0,   0,   0,   0,   0,   0,   0,   0,   0,   0,   0,   0,   0,   0,   0,   1,  11,  11,  11,  11,  11,  11,  11,   2,   2,  11,  11,   1,   0,   0,   0,   0,   0,   0,   1,  10,  10,  10,   1,   0,   0,   0,   0,   0},
{   0,   1,  11,  11,  11,  11,  11,  11,  11,  11,  11,  11,  11,   1,   0,   0,   0,   0,   0,   0,   1,  10,  10,  10,   1,   0,   0,   0,   0,   0,   0,   1,  11,  11,  11,  11,  11,  11,  11,  11,  11,  11,  11,   1,   0,   0,   0,   0,   0,   0,   1,  10,  10,  10,   1,   0,   0,   0,   0,   0,   0,   0,   0,   0,   0,   0,   0,   0,   0,   0,   0,   0,   0,   0,   0,   0,   1,  11,1190,  11,  11,  11,  11,  11,  11,  11,  11,  11,   1,   0,   0,   0,   0,   0,   0,   1,  10,  10,  10,   1,   0,   0,   0,   0,   0},
{   0,   1,  11,  11,  11,  11,  11,  11,  11,  11,  11,  11,  11,   1,   0,   0,   0,   0,   0,   0,   1,  10,  10,  10,   1,   0,   0,   0,   0,   0,   0,   1,  11,  11,  11,  11,  11,  11,  11,  11,  11,  11,  11,   1,   0,   0,   0,   0,   0,   0,   1,  10,  10,  10,   1,   0,   0,   0,   0,   0,   0,   0,   0,   0,   0,   0,   0,   0,   0,   0,   0,   0,   0,   0,   0,   0,   1,  11,  11,  11,  11,  11,  11,  11,  11,  11,  11,  11,   1,   0,   0,   0,   0,   0,   0,   1,  10,  10,  10,   1,   0,   0,   0,   0,   0},
{   0,   1,   1,   1,   1,   1,  10,  10,  10,   1,   1,   1,   1,   1,   0,   0,   0,   0,   0,   0,   1,  10,  10,  10,   1,   0,   0,   0,   0,   0,   0,   1,   1,   1,   1,   1,   1,   1,   1,   1,   1,   1,   1,   1,   0,   0,   0,   0,   0,   0,   1,  10,  10,  10,   1,   0,   0,   0,   0,   0,   0,   0,   0,   0,   0,   0,   0,   0,   0,   0,   0,   0,   0,   0,   0,   0,   1,   1,   1,   1,   1,   1,   1,   1,   1,   1,   1,   1,   1,   0,   0,   0,   0,   0,   0,   1,  10,  10,  10,   1,   0,   0,   0,   0,   0},
{   0,   0,   0,   0,   0,   1,  10,  10,  10,   1,   0,   0,   0,   0,   0,   0,   0,   0,   0,   0,   1,  10,  10,  10,   1,   0,   0,   0,   0,   0,   0,   0,   0,   0,   0,   0,   0,   0,   0,   0,   0,   0,   0,   0,   0,   0,   0,   0,   0,   0,   1,  10,  10,  10,   1,   0,   0,   0,   0,   0,   0,   0,   0,   0,   0,   0,   0,   0,   0,   0,   0,   0,   0,   0,   0,   0,   0,   0,   0,   0,   0,   0,   0,   0,   0,   0,   0,   0,   0,   0,   0,   0,   0,   0,   0,   1,  10,  10,  10,   1,   0,   0,   0,   0,   0},
{   0,   0,   0,   0,   0,   1,  10,  10,  10,   1,   0,   0,   0,   0,   0,   0,   0,   0,   0,   0,   1,  10,  10,  10,   1,   0,   0,   0,   0,   0,   0,   0,   0,   0,   0,   0,   0,   0,   0,   0,   0,   0,   0,   0,   0,   0,   0,   0,   0,   0,   1,  10,  10,  10,   1,   0,   0,   0,   0,   0,   0,   0,   0,   0,   0,   0,   0,   0,   0,   0,   0,   0,   0,   0,   0,   0,   0,   0,   0,   0,   0,   0,   0,   0,   0,   0,   0,   0,   0,   0,   0,   0,   0,   0,   0,   1,  10,  10,  10,   1,   0,   0,   0,   0,   0},
{   0,   0,   0,   0,   0,   1,  10,  10,  10,   1,   0,   0,   0,   0,   0,   0,   0,   0,   0,   0,   1,  10,  10,  10,   1,   0,   0,   0,   0,   0,   0,   0,   0,   0,   0,   0,   0,   0,   0,   0,   0,   0,   0,   0,   0,   0,   0,   0,   0,   0,   1,  10,  10,  10,   1,   0,   0,   0,   0,   0,   0,   0,   0,   0,   0,   0,   0,   0,   0,   0,   0,   0,   0,   0,   0,   0,   0,   0,   0,   0,   0,   0,   0,   0,   0,   0,   0,   0,   0,   0,   0,   0,   0,   0,   0,   1,  10,  10,  10,   1,   0,   0,   0,   0,   0},
{   0,   0,   0,   0,   0,   1,  10,  10,  10,   1,   0,   0,   0,   0,   0,   0,   0,   0,   0,   0,   1,  10,  10,  10,   1,   0,   0,   0,   0,   0,   0,   0,   0,   0,   0,   0,   0,   0,   0,   0,   0,   0,   0,   0,   0,   0,   0,   0,   0,   0,   1,  10,  10,  10,   1,   0,   0,   0,   0,   0,   0,   0,   0,   0,   0,   0,   0,   0,   0,   0,   0,   0,   0,   0,   0,   0,   0,   0,   0,   0,   0,   0,   0,   0,   0,   0,   0,   0,   0,   0,   0,   0,   0,   0,   0,   1,  10,  10,  10,   1,   0,   0,   0,   0,   0},
{   0,   0,   0,   1,   1,   1,  10,  10,  10,   1,   1,   1,   1,   1,   1,   1,   1,   1,   1,   1,   1,  10,  10,  10,   1,   1,   1,   1,   1,   1,   1,   1,   1,   1,   1,   1,   1,   1,   1,   1,   1,   1,   1,   1,   1,   1,   1,   1,   1,   1,   1,  10,  10,  10,   1,   1,   1,   1,   1,   1,   1,   1,   1,   1,   1,   1,   1,   1,   1,   1,   1,   1,   1,   1,   1,   1,   1,   1,   1,   1,   1,   1,   1,   1,   1,   1,   1,   1,   1,   1,   1,   1,   1,   1,   1,   1,  10,  10,  10,   1,   1,   1,   0,   0,   0},
{   0,   0,   0,   1,  10,  10,  10,  10,  10,  10,  10,  10,  10,  10,  10,  10,  10,  10,  10,  10,  10,  10,  10,  10,  10,  10,  10,  10,  10,  10,  10,  10,  10,  10,  10,  10,  10,  10,  10,  10,  10,  10,  10,  10,  10,  10,  10,  10,  10,  10,  10,  10,  10,  10,  10,  10,  10,  10,  10,  10,  10,  10,  10,  10,  10,  10,  10,  10,  10,  10,  10,  10,  10,  10,  10,  10,  10,  10,  10,  10,  10,  10,  10,  10,  10,  10,  10,  10,  10,  10,  10,  10,  10,  10,  10,  10,  10,  10,  10,  10,  10,   1,   0,   0,   0},
{   0,   0,   0,   1,  10,  10,  10,  10,  10,  10,  10,  10,  10,  10,  10,  10,  10,  10,  10,  10,  10,  10,  10,  10,  10,  10,  10,  10,  10,  10,  10,  10,  10,  10,  10,  10,  10,  10,  10,  10,  10,  10,  10,  10,  10,  10,  10,  10,  10,  10,  10,  10,  10,  10,  10,  10,  10,  10,  10,  10,  10,  10,  10,  10,  10,  10,  10,  10,  10,  10,  10,  10,  10,  10,  10,  10,  10,  10,  10,  10,  10,  10,  10,  10,  10,  10,  10,  10,  10,  10,  10,  10,  10,  10,  10,  10,  10,  10,  10,  10,  10,   1,   0,   0,   0},
{   0,   0,   0,   1,  10,  10,   2,   2,   2,  10,  10,  10,  10,  10,  10,  10,  10,  10,  10,  10,  10,  10,  10,  10,  10,  10,  10,  10,  10,  10,  10,  10,  10,  10,  10,  10,  10,  10,  10,  10,  10,  10,  10,  10,  10,  10,  10,  10,  10,  10,  10,  10,  10,  10,  10,  10,  10,  10,  10,  10,  10,  10,  10,  10,  10,   2,  10,  10,  10,   2,  10,  10,  10,  10,  10,  10,  10,  10,  10,  10,   2,  10,  10,  10,   2,  10,  10,  10,  10,  10,  10,  10,  10,  10,  10,  10,   2,   2,   2,  10,  10,   1,   0,   0,   0},
{   0,   0,   0,   1,  10,  10,   2,   2,   2,  10,  10,  10,  10,  10,  10,  10,  10,  10,   2,   2,   2,   2,   2,   2,   2,   2,   2,  10,  10,  10,  10,  10,  10,  10,  10,  10,  10,  10,  10,  10,  10,  10,  10,  10,  10,  10,  10,  10,  10,  10,  10,  10,1091,  10,  10,  10,  10,  10,  10,  10,  10,  10,  10,  10,  10,   2,  10,1091,  10,   2,  10,  10,  10,  10,  10,  10,  10,  10,  10,  10,   2,  10,1091,  10,   2,  10,  10,  10,  10,  10,  10,  10,  10,  10,  10,  10,   2,   2,   2,  10,  10,   1,   0,   0,   0},
{   0,   0,   0,   1,  10,  10,   2,   2,   2,  10,  10,  10,  10,  10,  10,  10,  10,  10,  10,  10,  10,  10,  10,  10,  10,  10,  10,  10,  10,  10,  10,  10,  10,  10,  10,  10,  10,  10,  10,  10,  10,  10,  10,  10,  10,  10,  10,  10,  10,  10,  10,  10,  10,  10,  10,  10,  10,  10,  10,  10,  10,  10,  10,  10,  10,   2,  10,  10,  10,   2,  10,  10,  10,  10,  10,  10,  10,  10,  10,  10,   2,  10,  10,  10,   2,  10,  10,  10,  10,  10,  10,  10,  10,  10,  10,  10,   2,   2,   2,  10,  10,   1,   0,   0,   0},
{   0,   0,   0,   1,  10,  10,  10,  10,  10,  10,  10,  10,  10,  10,  10,  10,  10,  10,  10,  10,  10,  10,  10,  10,  10,  10,  10,  10,  10,  10,  10,  10,  10,  10,  10,  10,  10,1090,  10,  10,  10,  10,  10,  10,  10,  10,  10,  10,  10,  10,  10,  10,  10,  10,  10,  10,  10,  10,  10,  10,  10,  10,  10,  10,  10,  10,  10,  10,  10,  10,  10,  10,  10,  10,  10,  10,  10,  10,  10,  10,  10,  10,  10,  10,  10,  10,  10,  10,  10,  10,  10,  10,  10,  10,  10,  10,  10,  10,  10,  10,  10,   1,   0,   0,   0},
{   0,   0,   0,   1,  10,  10,  10,  10,  10,  10,  10,  10,  10,  10,  10,  10,  10,  10,  10,  10,  10,  10,  10,  10,  10,  10,  10,  10,  10,  10,  10,  10,  10,  10,  10,  10,  10,  10,  10,  10,  10,  10,  10,  10,  10,  10,  10,  10,  10,  10,  10,  10,  10,  10,  10,  10,  10,  10,  10,  10,  10,  10,  10,  10,  10,  10,  10,  10,  10,  10,  10,  10,  10,  10,  10,  10,  10,  10,  10,  10,  10,  10,  10,  10,  10,  10,  10,  10,  10,  10,  10,  10,  10,  10,  10,  10,  10,  10,  10,  10,  10,   1,   0,   0,   0},
{   0,   0,   0,   1,   1,   1,   1,   1,   1,   1,   1,   1,   1,   1,   1,   1,   1,   1,   1,   1,   1,   1,   1,   1,   1,   1,   1,   1,   1,   1,   1,   1,   1,   1,   1,   1,   1,   1,   1,   1,   1,   1,   1,   1,   1,   1,   1,   1,   1,   1,   1,   1,   1,   1,   1,   1,   1,   1,   1,   1,   1,   1,   1,   1,   1,   1,   1,   1,   1,   1,   1,   1,   1,   1,   1,   1,   1,   1,   1,   1,   1,   1,   1,   1,   1,   1,   1,   1,   1,   1,   1,   1,   1,   1,   1,   1,   1,   1,   1,   1,   1,   1,   0,   0,   0},
{   0,   0,   0,   0,   0,   0,   0,   0,   0,   0,   0,   0,   0,   0,   0,   0,   0,   0,   0,   0,   0,   0,   0,   0,   0,   0,   0,   0,   0,   0,   0,   0,   0,   0,   0,   0,   0,   0,   0,   0,   0,   0,   0,   0,   0,   0,   0,   0,   0,   0,   0,   0,   0,   0,   0,   0,   0,   0,   0,   0,   0,   0,   0,   0,   0,   0,   0,   0,   0,   0,   0,   0,   0,   0,   0,   0,   0,   0,   0,   0,   0,   0,   0,   0,   0,   0,   0,   0,   0,   0,   0,   0,   0,   0,   0,   0,   0,   0,   0,   0,   0,   0,   0,   0,   0},
{   0,   0,   0,   0,   0,   0,   0,   0,   0,   0,   0,   0,   0,   0,   0,   0,   0,   0,   0,   0,   0,   0,   0,   0,   0,   0,   0,   0,   0,   0,   0,   0,   0,   0,   0,   0,   0,   0,   0,   0,   0,   0,   0,   0,   0,   0,   0,   0,   0,   0,   0,   0,   0,   0,   0,   0,   0,   0,   0,   0,   0,   0,   0,   0,   0,   0,   0,   0,   0,   0,   0,   0,   0,   0,   0,   0,   0,   0,   0,   0,   0,   0,   0,   0,   0,   0,   0,   0,   0,   0,   0,   0,   0,   0,   0,   0,   0,   0,   0,   0,   0,   0,   0,   0,   0},
{   0,   0,   0,   0,   0,   0,   0,   0,   0,   0,   0,   0,   0,   0,   0,   0,   0,   0,   0,   0,   0,   0,   0,   0,   0,   0,   0,   0,   0,   0,   0,   0,   0,   0,   0,   0,   0,   0,   0,   0,   0,   0,   0,   0,   0,   0,   0,   0,   0,   0,   0,   0,   0,   0,   0,   0,   0,   0,   0,   0,   0,   0,   0,   0,   0,   0,   0,   0,   0,   0,   0,   0,   0,   0,   0,   0,   0,   0,   0,   0,   0,   0,   0,   0,   0,   0,   0,   0,   0,   0,   0,   0,   0,   0,   0,   0,   0,   0,   0,   0,   0,   0,   0,   0,   0},
