
Layout -6074064440816684051|1466890487110:
{   0,   0,   0,   0,   0,   0,   0,   0,   0,   0,   0,   0,   0,   0,   0,   0,   0,   0,   0,   0,   0,   0,   0,   0,   0,   0,   0,   0,   0,   0,   1,   1,   1,   1,   1,   1,   1,   1,   1,   1,   1,   1,   1,   1,   1,   0,   0,   0,   0,   0,   0,   0,   0,   0,   0,   0,   0,   0,   0,   0,   0,   0,   0,   0,   0,   0,   0,   0,   0,   0,   0,   0,   0,   0,   0,   0,   0,   0,   0,   0,   0,   0,   0,   0,   0,   0,   0,   0,   0,   0},
{   0,   0,   0,   0,   0,   0,   0,   0,   0,   0,   0,   0,   0,   0,   0,   0,   0,   0,   0,   0,   0,   0,   0,   0,   0,   0,   0,   0,   0,   0,   1,  10,  10,  10,  10,  10,  10,  10,  10,  10,  10,  10,  10,  10,   1,   0,   0,   0,   0,   0,   0,   0,   0,   0,   0,   0,   0,   0,   0,   0,   0,   0,   0,   0,   0,   0,   0,   0,   0,   0,   0,   0,   0,   0,   0,   0,   0,   0,   0,   0,   0,   0,   0,   0,   0,   0,   0,   0,   0,   0},
{   0,   0,   0,   0,   0,   0,   0,   0,   0,   0,   0,   0,   0,   0,   0,   0,   0,   0,   0,   0,   0,   0,   0,   0,   0,   0,   0,   0,   0,   0,   1,  10,  10,  10,  10,  10,  10,  10,  10,  10,  10,  10,  10,  10,   1,   0,   0,   0,   0,   0,   0,   0,   0,   0,   0,   0,   0,   0,   0,   0,   0,   0,   0,   0,   0,   0,   0,   0,   0,   0,   0,   0,   0,   0,   0,   0,   0,   0,   0,   0,   0,   0,   0,   0,   0,   0,   0,   0,   0,   0},
{   0,   0,   0,   1,   1,   1,   1,   1,   1,   1,   1,   1,   0,   0,   0,   0,   0,   0,   0,   0,   0,   0,   0,   0,   0,   0,   0,   0,   0,   0,   1,  10,  10,  10,  10,  10,  10,  10,  10,  10,  10,  10,  10,  10,   1,   1,   1,   1,   1,   1,   1,   1,   1,   1,   1,   1,   1,   1,   1,   1,   1,   1,   1,   1,   1,   1,   1,   1,   1,   1,   1,   1,   1,   1,   1,   1,   1,   1,   1,   1,   1,   1,   1,   1,   1,   1,   1,   0,   0,   0},
{   0,   0,   0,   1,  10,  10,  10,  10,  10,  10,  10,   1,   0,   0,   0,   0,   0,   0,   0,   0,   0,   0,   0,   0,   0,   0,   0,   0,   0,   0,   1,  10,  10,  10,  10,  10,  10,  10,  10,  10,  10,  10,  10,  10,  10,  10,  10,  10,  10,  10,  10,  10,  10,  10,  10,  10,  10,  10,  10,  10,  10,  10,  10,  10,  10,  10,  10,  10,  10,  10,  10,  10,  10,  10,  10,  10,  10,  10,  10,  10,  10,  10,  10,  10,  10,  10,   1,   0,   0,   0},
{   0,   0,   0,   1,  10,  10,  10,  10,  10,  10,  10,   1,   1,   1,   1,   1,   1,   1,   1,   1,   1,   1,   1,   1,   1,   1,   1,   1,   1,   1,   1,  10,  10,  10,  10,  10,  10,  10,  10,  10,  10,  10,  10,  10,  10,  10,  10,  10,  10,  10,  10,  10,  10,  10,  10,  10,  10,  10,  10,  10,  10,  10,  10,  10,  10,  10,  10,  10,  10,  10,  10,  10,  10,  10,  10,  10,  10,  10,  10,  10,  10,  10,  10,  10,  10,  10,   1,   0,   0,   0},
{   0,   0,   0,   1,  10,  10,   2,   2,   2,  10,  10,  10,  10,  10,  10,  10,  10,  10,  10,  10,  10,  10,  10,  10,  10,  10,  10,  10,  10,  10,  10,  10,  10,  10,  10,  10,  10,  10,  10,  10,   2,   2,   2,  10,  10,  10,  10,  10,  10,  10,   2,  10,  10,  10,   2,  10,  10,  10,  10,  10,  10,  10,  10,  10,  10,  10,  10,  10,  10,  10,  10,  10,  10,  10,  10,  10,  10,  10,  10,  10,  10,  10,  10,  10,  10,  10,   1,   0,   0,   0},
{   0,   0,   0,   1,  10,  10,   2,   2,   2,  10,  10,  10,  10,  10,  10,  10,  10,  10,  10,  10,  10,  10,1091,  10,  10,  10,  10,  10,  10,  10,  10,  10,  10,  10,  10,  10,  10,1090,  10,  10,   2,   2,   2,  10,  10,  10,  10,  10,  10,  10,   2,  10,1091,  10,   2,  10,  10,  10,  10,  10,  10,  10,  10,   2,   2,   2,   2,   2,   2,   2,   2,   2,  10,  10,  10,  10,  10,  10,  10,  10,  10,  10,1091,  10,  10,  10,   1,   0,   0,   0},
{   0,   0,   0,   1,  10,  10,   2,   2,   2,  10,  10,  10,  10,  10,  10,  10,  10,  10,  10,  10,  10,  10,  10,  10,  10,  10,  10,  10,  10,  10,  10,  10,  10,  10,  10,  10,  10,  10,  10,  10,   2,   2,   2,  10,  10,  10,  10,  10,  10,  10,   2,  10,  10,  10,   2,  10,  10,  10,  10,  10,  10,  10,  10,  10,  10,  10,  10,  10,  10,  10,  10,  10,  10,  10,  10,  10,  10,  10,  10,  10,  10,  10,  10,  10,  10,  10,   1,   0,   0,   0},
{   0,   0,   0,   1,  10,  10,  10,  10,  10,  10,  10,   1,   1,   1,   1,   1,   1,   1,   1,  10,  10,  10,  10,  10,  10,  10,   1,   1,   1,   1,   1,  10,  10,  10,  10,  10,  10,  10,  10,  10,  10,  10,  10,  10,  10,  10,  10,  10,  10,  10,  10,  10,  10,  10,  10,  10,  10,  10,  10,  10,  10,  10,  10,  10,  10,  10,  10,  10,  10,  10,  10,  10,  10,  10,  10,  10,  10,  10,  10,  10,  10,  10,  10,  10,  10,  10,   1,   0,   0,   0},
{   0,   0,   0,   1,  10,  10,  10,  10,  10,  10,  10,   1,   0,   0,   0,   0,   0,   0,   1,  10,  10,  10,  10,  10,  10,  10,   1,   0,   0,   0,   1,  10,  10,  10,  10,  10,  10,  10,  10,  10,  10,  10,  10,  10,  10,  10,  10,  10,  10,  10,  10,  10,  10,  10,  10,  10,  10,  10,  10,  10,  10,  10,  10,  10,  10,  10,  10,  10,  10,  10,  10,  10,  10,  10,  10,  10,  10,  10,  10,  10,  10,  10,  10,  10,  10,  10,   1,   0,   0,   0},
{   0,   0,   0,   1,  10,  10,  10,  10,  10,  10,  10,   1,   0,   0,   0,   0,   0,   0,   1,  10,  10,  10,  10,  10,  10,  10,   1,   0,   0,   0,   1,  10,  10,  10,  10,  10,  10,  10,  10,  10,  10,  10,  10,  10,   1,   1,   1,   1,   1,   1,   1,   1,   1,   1,   1,   1,   1,   1,   1,   1,   1,   1,   1,   1,   1,   1,  10,  10,  10,   1,   1,   1,   1,   1,   1,   1,   1,   1,   1,  10,  10,  10,  10,  10,  10,  10,   1,   0,   0,   0},
{   0,   0,   0,   1,  10,  10,  10,  10,  10,  10,  10,   1,   0,   0,   0,   0,   0,   0,   1,  10,  10,  10,  10,  10,  10,  10,   1,   0,   0,   0,   1,  10,  10,  10,  10,  10,  10,  10,  10,  10,  10,  10,  10,  10,   1,   0,   0,   0,   0,   0,   0,   0,   0,   0,   0,   0,   0,   0,   0,   0,   0,   0,   0,   0,   0,   1,  10,  10,  10,   1,   0,   0,   0,   0,   0,   0,   0,   0,   1,  10,  10,  10,  10,  10,  10,  10,   1,   0,   0,   0},
{   0,   0,   0,   1,  10,  10,  10,  10,  10,  10,  10,   1,   0,   0,   0,   0,   0,   0,   1,  10,  10,  10,  10,  10,  10,  10,   1,   0,   0,   0,   1,  10,  10,  10,  10,  10,  10,  10,  10,  10,  10,  10,  10,  10,   1,   0,   0,   0,   0,   0,   0,   0,   0,   0,   0,   0,   0,   0,   0,   0,   0,   0,   0,   0,   0,   1,  10,  10,  10,   1,   0,   0,   0,   0,   0,   0,   0,   0,   1,  10,  10,  10,  10,  10,  10,  10,   1,   0,   0,   0},
{   0,   0,   0,   1,  10,  10,  10,  10,  10,  10,  10,   1,   0,   0,   0,   0,   0,   0,   1,  10,  10,  10,  10,  10,  10,  10,   1,   0,   0,   0,   1,  10,  10,  10,  10,  10,  10,  10,  10,  10,  10,  10,  10,  10,   1,   0,   0,   0,   0,   0,   0,   0,   0,   0,   0,   0,   0,   0,   0,   0,   0,   0,   0,   0,   0,   1,  10,  10,  10,   1,   0,   0,   0,   0,   0,   0,   0,   0,   1,  10,  10,  10,  10,  10,  10,  10,   1,   0,   0,   0},
{   1,   1,   1,   1,  10,  10,  10,  10,  10,  10,  10,   1,   1,   1,   1,   1,   1,   1,   1,  10,  10,  10,  10,  10,  10,  10,   1,   1,   1,   1,   1,  10,  10,  10,  10,  10,  10,  10,  10,  10,  10,  10,  10,  10,   1,   0,   0,   0,   0,   0,   0,   0,   0,   0,   0,   0,   0,   0,   0,   0,   0,   0,   0,   0,   0,   1,  10,  10,  10,   1,   0,   0,   0,   0,   0,   0,   0,   0,   1,  10,  10,  10,  10,  10,  10,  10,   1,   0,   0,   0},
{   1,  10,  10,1021,  10,  10,  10,  10,  10,  10,  10,1021,  10,  10,  10,  10,  10,  10,  10,  10,  10,  10,  10,  10,  10,  10,  10,  10,  10,   1,   1,  10,  10,  10,  10,  10,  10,  10,  10,  10,  10,  10,  10,  10,   1,   0,   0,   0,   0,   0,   0,   0,   0,   0,   0,   0,   0,   0,   0,   0,   0,   1,   1,   1,   1,   1,  10,  10,  10,   1,   1,   1,   1,   1,   0,   0,   0,   0,   1,  10,  10,  10,  10,  10,  10,  10,   1,   0,   0,   0},
{   1,  10,  10,1021,  10,  10,  10,  10,  10,  10,  10,1021,  10,  10,  10,  10,  10,  10,  10,  10,  10,  10,  10,  10,  10,  10,  10,  10,  10,   1,   1,  10,  90,  10,  10,  10,  10,  10,  10,  10,  10,  10,  10,  10,   1,   0,   0,   0,   0,   0,   0,   0,   0,   0,   0,   0,   0,   0,   0,   0,   0,   1,  10,  10,  10,  10,  10,  10,  10,  10,  10,  10,  10,   1,   0,   0,   0,   0,   1,  10,  10,  10,  10,  10,  10,  10,   1,   0,   0,   0},
{   1,  10,  10,1021,  10,  10,  10,  10,  10,  10,  10,1021,  10,  10,  10,  10,  10,  10,  10,  10,  10,  10,  10,  10,  10,  10,  10,  10,  10,   1,   1,  10,  10,  10,  10,  10,  10,  10,  10,  10,  10,  10,  10,  10,   1,   0,   0,   0,   0,   0,   0,   0,   0,   0,   0,   0,   0,   0,   0,   0,   0,   1,  10,  10,  10,  10,  10,  10,  10,  10,  10,  10,  10,   1,   1,   1,   1,   1,   1,  10,  10,  10,  10,  10,  10,  10,   1,   0,   0,   0},
{   1,  10,  10,   2,  10,  10,  10,1090,  10,  10,  10,   2,  10,  10,  10,  10,  10,  10,  10,  10,  10,  10,  10,  10,  10,  10,  10,  10,  10,   1,   1,  10,  10,  10,  10,  10,  10,  10,  10,  10,  10,  10,  10,  10,   1,   0,   0,   0,   0,   0,   0,   0,   0,   0,   0,   0,   0,   0,   0,   0,   0,   1,  10,  10,   2,   2,1020,1020,1020,   2,   2,  10,  10,  10,  10,  10,  10,  10,  10,  10,  10,  10,  10,  10,  10,  10,   1,   0,   0,   0},
{   1,  10,  10,   2,  10,  10,  10,  10,  10,  10,  10,   2,  10,  10,  10,  10,  10,  10,  10,  10,  10,  10,  10,  10,  10,  10,  10,  10,  10,   1,   1,  10,  10,  10,  10,  10,  10,  10,  10,  10,  10,  10,  10,  10,   1,   1,   1,   1,   1,   1,   1,   1,   1,   1,   1,   0,   0,   0,   0,   0,   0,   1,  10,  10,   2,  10,  10,  10,  10,  10,   2,  10,  10,  10,  10,  10,  10,  10,  10,  10,  10,  10,  10,  10,  10,  10,   1,   0,   0,   0},
{   1,  10,  10,   2,  10,  10,  10,  10,  10,  10,  10,   2,  10,  10,  10,  10,  10,   2,   2,   2,  10,  10,  10,  10,  10,  10,  10,  10,  10,  10,  10,  10,  10,  10,  10,  10,   2,   2,   2,  10,  10,  10,  10,  10,  10,  10,  10,  10,  10,  10,  10,  10,  10,  10,   1,   0,   0,   0,   0,   0,   0,   1,  10,  10,1021,  10,1091,  10,1091,  10,1020,  10,  10,  10,  10,  10,  10,  10,  10,  10,  10,  10,  10,  10,  10,  10,   1,   0,   0,   0},
{   1,  10,  10,   2,   2,1020,1020,1020,1020,1020,   2,   2,  10,  10,  10,  10,  10,   2,   2,   2,  10,  10,1090,  10,  10,  10,  10,  10,  10,  10,  10,  10,  10,  10,  10,  10,   2,   2,   2,  10,  10,  10,  10,  10,  10,  10,  10,  10,  10,  10,  10,  10,1091,  10,   1,   0,   0,   0,   0,   0,   0,   1,  10,  10,1021,  10,  10,  10,  10,  10,1020,  10,  10,  10,  10,  10,  10,  10,  10,  10,  10,  10,  10,  10,  10,  10,   1,   0,   0,   0},
{   1,  10,  10,  10,  10,  10,  10,  10,  10,  10,  10,  10,  10,  10,  10,  10,  10,   2,   2,   2,  10,  10,  10,  10,  10,  10,  10,  10,  10,  10,  10,  10,  10,  10,  10,  10,   2,   2,   2,  10,  10,  10,  10,  10,  10,  10,  10,  10,  10,  10,  10,  10,  10,  10,   1,   0,   0,   0,   0,   0,   0,   1,  10,  10,1021,  10,1091,  10,1091,  10,1020,  10,  10,  10,  10,  10,  10,  10,  10,  10,  10,  10,  10,  10,  10,  10,   1,   0,   0,   0},
{   1,  10,  10,  10,  10,  10,  10,  10,  10,  10,  10,  10,  10,  10,  10,  10,  10,  10,  10,  10,  10,  10,  10,  10,  10,  10,  10,  10,  10,   1,   1,  10,  10,  10,  10,  10,  10,  10,  10,  10,  10,  10,  10,  10,   1,   1,   1,   1,   1,   1,   1,  10,  10,  10,   1,   0,   0,   0,   0,   0,   0,   1,  10,  10,   2,  10,  10,  10,  10,  10,   2,  10,  10,  10,  10,  10,  10,  10,  10,  10,  10,  10,  10,  10,  10,  10,   1,   0,   0,   0},
{   1,  10,  10,  10,  10,  10,  10,  10,  10,  10,  10,  10,  10,  10,  10,  10,  10,  10,  10,  10,  10,  10,  10,  10,  10,1021,1021,1021,1021,   1,   1,  10,  10,  10,  10,  10,  10,  10,  10,  10,  10,  10,  10,  10,   1,   0,   0,   0,   0,   0,   1,  10,  10,  10,   1,   0,   0,   0,   0,   0,   0,   1,  10,  10,   2,   2,1020,1020,1020,   2,   2,  10,  10,  10,  10,  10,  10,  10,  10,  10,  10,  10,  10,  10,  10,  10,   1,   0,   0,   0},
{   1,  10,  10,  10,  10,  10,  10,  10,  10,  10,  10,  10,  10,  10,  10,  10,  10,  10,  10,  10,  10,  10,  10,  10,  10,1021,  10,  10,  10,   1,   1,  10,  10,  10,  10,  10,  10,  10,  10,  10,  10,  10,  10,  10,   1,   0,   0,   0,   0,   0,   1,  10,  10,  10,   1,   0,   0,   0,   0,   0,   0,   1,  10,  10,  10,  10,  10,  10,  10,  10,  10,  10,  10,   1,   1,   1,   1,   1,   1,  10,  10,  10,  10,  10,  10,  10,   1,   0,   0,   0},
{   1,  10,  10,  10,  10,  10,  10,  10,  10,  10,  10,  10,  10,  10,  10,  10,  10,  10,  10,  10,  10,  10,  10,  10,  10,1021,  10,1090,  10,   1,   1,  10,  10,  10,  10,  10,  10,  10,  10,  10,  10,  10,  91,  10,   1,   0,   0,   0,   0,   0,   1,  10,  10,  10,   1,   0,   0,   0,   0,   0,   0,   1,  10,  10,  10,  10,  10,  10,  10,  10,  10,  10,  10,   1,   0,   0,   0,   0,   1,  10,  10,  10,  10,  10,  10,  10,   1,   0,   0,   0},
{   1,  10,  10,  10,  10,  10,  10,  10,  10,  10,  10,  10,  10,  10,  10,  10,  10,  10,  10,  10,  10,  10,  10,  10,  10,1021,  10,  10,  10,   1,   1,  10,  10,  10,  10,  10,  10,  10,  10,  10,  10,  10,  10,  10,   1,   0,   0,   0,   0,   0,   1,  10,  10,  10,   1,   0,   0,   0,   0,   0,   0,   1,   1,   1,   1,   1,  10,  10,  10,   1,   1,   1,   1,   1,   0,   0,   0,   0,   1,  10,  10,  10,  10,  10,  10,  10,   1,   0,   0,   0},
{   1,   1,   1,   1,   1,   1,   1,   1,   1,   1,   1,   1,   1,   1,   1,   1,   1,   1,   1,   1,   1,   1,   1,   1,   1,   1,   1,   1,   1,   1,   1,   1,   1,   1,   1,   1,  10,  10,  10,   1,   1,   1,   1,   1,   1,   0,   0,   0,   0,   0,   1,  10,  10,  10,   1,   0,   0,   0,   0,   0,   0,   0,   0,   0,   0,   1,  10,  10,  10,   1,   0,   0,   0,   0,   0,   0,   0,   0,   1,  10,  10,  10,  10,  10,  10,  10,   1,   0,   0,   0},
{   0,   0,   0,   0,   0,   0,   0,   0,   0,   0,   0,   0,   0,   0,   0,   0,   0,   0,   0,   0,   0,   0,   0,   0,   0,   0,   0,   0,   0,   0,   0,   0,   0,   0,   0,   1,  10,  10,  10,   1,   0,   0,   0,   0,   0,   0,   0,   0,   0,   0,   1,  10,  10,  10,   1,   0,   0,   0,   0,   0,   0,   0,   0,   0,   0,   1,  10,  10,  10,   1,   0,   0,   0,   0,   0,   0,   0,   0,   1,  10,  10,  10,  10,  10,  10,  10,   1,   0,   0,   0},
{   0,   0,   0,   0,   0,   0,   0,   0,   0,   0,   0,   0,   0,   0,   0,   0,   0,   0,   0,   0,   0,   0,   0,   0,   0,   0,   0,   0,   0,   0,   0,   0,   0,   0,   0,   1,  10,  10,  10,   1,   0,   0,   0,   0,   0,   0,   0,   0,   0,   0,   1,  10,  10,  10,   1,   0,   0,   0,   0,   0,   0,   0,   0,   0,   0,   1,  10,  10,  10,   1,   0,   0,   0,   0,   0,   0,   0,   0,   1,  10,  10,  10,  10,  10,  10,  10,   1,   0,   0,   0},
{   0,   0,   0,   0,   0,   0,   0,   0,   0,   0,   0,   0,   0,   0,   0,   0,   0,   0,   0,   0,   0,   0,   0,   0,   0,   0,   0,   0,   0,   0,   0,   0,   0,   0,   0,   1,  10,  10,  10,   1,   0,   0,   0,   0,   0,   0,   0,   0,   0,   0,   1,  10,  10,  10,   1,   0,   0,   0,   0,   0,   0,   0,   0,   0,   0,   1,  10,  10,  10,   1,   0,   0,   0,   0,   0,   0,   0,   0,   1,  10,  10,  10,  10,  10,  10,  10,   1,   0,   0,   0},
{   0,   0,   0,   1,   1,   1,   1,   1,   1,   1,   1,   1,   0,   0,   0,   0,   0,   0,   0,   0,   0,   0,   0,   0,   0,   0,   0,   0,   0,   0,   0,   0,   0,   0,   0,   1,  10,  10,  10,   1,   1,   1,   1,   1,   1,   1,   1,   1,   1,   1,   1,  10,  10,  10,   1,   1,   1,   1,   1,   1,   1,   1,   1,   1,   1,   1,  10,  10,  10,   1,   1,   1,   1,   1,   1,   1,   1,   1,   1,  10,  10,  10,  10,  10,  10,  10,   1,   0,   0,   0},
{   0,   0,   0,   1,  10,  10,  10,  10,  10,  10,  10,   1,   0,   0,   0,   0,   0,   0,   0,   0,   0,   0,   0,   0,   0,   0,   0,   0,   0,   0,   0,   0,   0,   0,   0,   1,  10,  10,  10,  10,  10,  10,  10,  10,  10,  10,  10,  10,  10,  10,  10,  10,  10,  10,  10,  10,  10,  10,  10,  10,  10,  10,  10,  10,  10,  10,  10,  10,  10,  10,  10,  10,  10,  10,  10,  10,  10,  10,  10,  10,  10,  10,  10,  10,  10,  10,   1,   0,   0,   0},
{   0,   0,   0,   1,  10,  10,  10,  10,  10,  10,  10,   1,   1,   1,   1,   1,   1,   1,   1,   1,   1,   1,   1,   1,   1,   1,   1,   1,   1,   1,   1,   1,   1,   1,   1,   1,  10,  10,  10,  10,  10,  10,  10,  10,  10,  10,  10,  10,  10,  10,  10,  10,  10,  10,  10,  10,  10,  10,  10,  10,  10,  10,  10,  10,  10,  10,  10,  10,  10,  10,  10,  10,  10,  10,  10,  10,  10,  10,  10,  10,  10,  10,  10,  10,  10,  10,   1,   0,   0,   0},
{   0,   0,   0,   1,  10,  10,   2,   2,   2,  10,  10,  10,  10,  10,  10,  10,  10,  10,  10,  10,  10,  10,  10,  10,  10,  10,  10,  10,  10,  10,  10,  10,  10,  10,  10,  10,  10,  10,  10,  10,  10,  10,  10,  10,  10,  10,  10,  10,  10,  10,  10,  10,  10,  10,  10,  10,  10,  10,  10,  10,  10,  10,  10,  10,  10,  10,  10,  10,  10,  10,  10,  10,  10,  10,  10,  10,  10,  10,  10,  10,  10,  10,  10,  10,  10,  10,   1,   0,   0,   0},
{   0,   0,   0,   1,  10,  10,   2,   2,   2,  10,  10,  10,  10,  10,  10,  10,  10,  10,  10,1091,  10,  10,  10,  10,  10,1091,  10,  10,  10,  10,  10,  10,  10,  10,  10,  10,  10,  10,  10,  10,  10,1091,  10,  10,  10,  10,  10,  10,  10,  10,   2,   2,   2,   2,   2,   2,  10,  10,  10,  10,  10,  10,  10,  10,   2,   2,   2,   2,   2,   2,  10,  10,  10,  10,  10,  10,  10,  10,  10,  10,  10,  10,1091,  10,  10,  10,   1,   0,   0,   0},
{   0,   0,   0,   1,  10,  10,   2,   2,   2,  10,  10,  10,  10,  10,  10,  10,  10,  10,  10,  10,  10,  10,  10,  10,  10,  10,  10,  10,  10,  10,  10,  10,  10,  10,  10,  10,  10,  10,  10,  10,  10,  10,  10,  10,  10,  10,  10,  10,  10,  10,  10,  10,  10,  10,  10,  10,  10,  10,  10,  10,  10,  10,  10,  10,  10,  10,  10,  10,  10,  10,  10,  10,  10,  10,  10,  10,  10,  10,  10,  10,  10,  10,  10,  10,  10,  10,   1,   0,   0,   0},
{   0,   0,   0,   1,  10,  10,  10,  10,  10,  10,  10,   1,   1,   1,   1,   1,   1,   1,   1,   1,   1,  10,  10,  10,   1,   1,   1,   1,   1,   1,   1,   1,   1,   1,   1,   1,  10,  10,  10,  10,  10,  10,  10,  10,  10,  10,  10,  10,  10,  10,  10,  10,  10,  10,  10,  10,  10,  10,  10,  10,  10,  10,  10,  10,  10,  10,  10,  10,  10,  10,  10,  10,  10,  10,  10,  10,  10,  10,  10,  10,  10,  10,  10,  10,  10,  10,   1,   0,   0,   0},
{   0,   0,   0,   1,  10,  10,  10,  10,  10,  10,  10,   1,   0,   0,   0,   0,   0,   0,   0,   0,   1,  10,  10,  10,   1,   0,   0,   0,   0,   0,   0,   0,   0,   0,   0,   1,  10,  10,  10,  10,  10,  10,  10,  10,  10,  10,  10,  10,  10,  10,  10,  10,  10,  10,  10,  10,  10,  10,  10,  10,  10,  10,  10,  10,  10,  10,  10,  10,  10,  10,  10,  10,  10,  10,  10,  10,  10,  10,  10,  10,  10,  10,  10,  10,  10,  10,   1,   0,   0,   0},
{   0,   0,   0,   1,  10,  10,  10,  10,  10,  10,  10,   1,   0,   0,   0,   0,   0,   0,   0,   0,   1,  10,  10,  10,   1,   0,   0,   0,   0,   0,   0,   0,   0,   0,   0,   1,  10,  10,  10,   1,   1,   1,   1,   1,   1,   1,   1,   1,   1,   1,   1,  10,  10,  10,   1,   1,   1,   1,   1,   1,   1,   1,   1,   1,   1,   1,  10,  10,  10,   1,   1,   1,   1,   1,   1,   1,   1,   1,   1,  10,  10,  10,  10,  10,  10,  10,   1,   0,   0,   0},
{   0,   0,   0,   1,  10,  10,  10,  10,  10,  10,  10,   1,   0,   0,   0,   0,   0,   0,   0,   0,   1,  10,  10,  10,   1,   0,   0,   0,   0,   0,   0,   0,   0,   0,   0,   1,  10,  10,  10,   1,   0,   0,   0,   0,   0,   0,   0,   0,   0,   0,   1,  10,  10,  10,   1,   0,   0,   0,   0,   0,   0,   0,   0,   0,   0,   1,  10,  10,  10,   1,   0,   0,   0,   0,   0,   0,   0,   0,   1,  10,  10,  10,  10,  10,  10,  10,   1,   0,   0,   0},
{   0,   0,   0,   1,  10,  10,  10,  10,  10,  10,  10,   1,   0,   0,   0,   0,   0,   0,   0,   0,   1,  10,  10,  10,   1,   0,   0,   0,   0,   0,   0,   0,   0,   0,   0,   1,  10,  10,  10,   1,   0,   0,   0,   0,   0,   0,   0,   0,   0,   0,   1,  10,  10,  10,   1,   0,   0,   0,   0,   0,   0,   0,   0,   0,   0,   1,  10,  10,  10,   1,   0,   0,   0,   0,   0,   0,   0,   0,   1,  10,  10,  10,  10,  10,  10,  10,   1,   0,   0,   0},
{   0,   0,   0,   1,  10,  10,  10,  10,  10,  10,  10,   1,   0,   0,   0,   0,   0,   0,   0,   0,   1,  10,  10,  10,   1,   0,   0,   0,   0,   0,   0,   0,   0,   0,   0,   1,  10,  10,  10,   1,   0,   0,   0,   0,   0,   0,   0,   0,   0,   0,   1,  10,  10,  10,   1,   0,   0,   0,   0,   0,   0,   0,   0,   0,   0,   1,  10,  10,  10,   1,   0,   0,   0,   0,   0,   0,   0,   0,   1,  10,  10,  10,  10,  10,  10,  10,   1,   0,   0,   0},
{   0,   0,   0,   1,  10,  10,  10,  10,  10,  10,  10,   1,   0,   0,   0,   0,   0,   0,   0,   0,   1,  10,  10,  10,   1,   0,   0,   0,   0,   0,   0,   0,   0,   0,   0,   1,  10,  10,  10,   1,   0,   0,   0,   0,   0,   0,   0,   0,   0,   0,   1,  10,  10,  10,   1,   0,   0,   0,   0,   0,   0,   0,   0,   0,   0,   1,  10,  10,  10,   1,   0,   0,   0,   0,   0,   0,   0,   0,   1,  10,  10,  10,  10,  10,  10,  10,   1,   0,   0,   0},
{   0,   0,   0,   1,  10,  10,  10,  10,  10,  10,  10,   1,   0,   0,   0,   0,   0,   0,   0,   0,   1,  10,  10,  10,   1,   0,   0,   0,   0,   0,   0,   0,   0,   0,   0,   1,  10,  10,  10,   1,   0,   0,   0,   0,   0,   0,   1,   1,   1,   1,   1,  10,  10,  10,   1,   1,   1,   1,   1,   1,   1,   1,   1,   1,   1,   1,  10,  10,  10,   1,   1,   1,   1,   1,   0,   0,   0,   0,   1,  10,  10,  10,  10,  10,  10,  10,   1,   0,   0,   0},
{   0,   0,   0,   1,  10,  10,  10,  10,  10,  10,  10,   1,   0,   0,   0,   0,   0,   0,   0,   0,   1,  10,  10,  10,   1,   0,   0,   0,   0,   0,   0,   0,   0,   0,   0,   1,  10,  10,  10,   1,   0,   0,   0,   0,   0,   0,   1,  10,  10,  10,  10,  10,  10,  10,  10,  10,  10,  10,  10,  10,  10,  10,  10,  10,  10,  10,  10,  10,  10,  10,  10,  10,  10,   1,   0,   0,   0,   0,   1,  10,  10,  10,  10,  10,  10,  10,   1,   0,   0,   0},
{   0,   0,   0,   1,  10,  10,  10,  10,  10,  10,  10,   1,   1,   1,   1,   1,   1,   1,   1,   1,   1,  10,  10,  10,   1,   0,   0,   0,   0,   0,   0,   0,   0,   0,   0,   1,  10,  10,  10,   1,   0,   0,   0,   0,   0,   0,   1,  10,  10,  10,  10,  10,  10,  10,  10,  10,  10,  10,  10,  10,  10,  10,  10,  10,  10,  10,  10,  10,  10,  10,  10,1090,  10,   1,   0,   0,   0,   0,   1,  10,  10,  10,  10,  10,  10,  10,   1,   0,   0,   0},
{   0,   0,   0,   1,  10,  10,  10,  10,  10,  10,  10,  10,  10,  10,  10,  10,  10,  10,  10,  10,  10,  10,  10,  10,   1,   0,   0,   0,   0,   0,   0,   0,   0,   0,   0,   1,  10,  10,  10,   1,   0,   0,   0,   0,   0,   0,   1,  10,  10,  10,  10,  10,  10,  10,  10,  10,  10,  10,  10,  10,  10,  10,  10,  10,  10,  10,  10,  10,  10,  10,  10,  10,  10,   1,   0,   0,   0,   0,   1,  10,  10,  10,  10,  10,  10,  10,   1,   0,   0,   0},
{   0,   0,   0,   1,  10,  10,  10,  10,  10,  10,  10,  10,  10,  10,  10,  10,  10,  10,  10,  10,  10,  10,  10,  10,   1,   1,   1,   1,   1,   1,   1,   1,   1,   1,   1,   1,  10,  10,  10,   1,   1,   1,   1,   1,   1,   1,   1,  10,  10,  10,   1,   1,   1,   1,   1,   1,   1,   1,  10,  10,  10,  10,   1,   1,   1,   1,   1,   1,   1,   1,  10,  10,  10,   1,   0,   0,   0,   0,   1,1021,1021,1021,1021,  10,  10,  10,   1,   0,   0,   0},
{   0,   0,   0,   1,  10,  10,  10,  10,  10,  10,  10,  10,  10,  10,  10,  10,  10,   2,   2,  10,  10,  10,  10,  10,  10,  10,  10,  10,  10,  10,  10,  10,  10,  10,  10,  10,  10,  10,  10,  10,  10,  10,  10,  10,  10,  10,  10,  10,  10,  10,   1,   0,   0,   0,   0,   0,   0,   1,  10,  10,  10,  10,   1,   0,   0,   0,   0,   0,   0,   1,  10,  10,  10,   1,   0,   0,   0,   0,   1,  10,  10,  10,1021,  10,  10,  10,   1,   0,   0,   0},
{   0,   0,   0,   1,  10,  10,  10,1091,  10,  10,  10,  10,  10,  10,  10,  10,  10,   2,   2,  10,  10,  10,  10,  10,  10,  10,  10,  10,  10,  10,  10,  10,  10,  10,  10,  10,  10,  10,  10,  10,  10,  10,  10,  10,  10,  10,  10,  10,  10,  10,   1,   0,   0,   0,   0,   0,   0,   1,  10,  10,  10,  10,   1,   0,   0,   0,   0,   0,   0,   1,  10,  10,  10,   1,   0,   0,   0,   0,   1,  10,1090,  10,1021,  10,  10,  10,   1,   0,   0,   0},
{   0,   0,   0,   1,  10,  10,  10,  10,  10,  10,  10,  10,  10,  10,  10,  10,  10,   2,   2,  10,  10,  10,  10,  10,  10,  10,  10,  10,  10,  10,  10,  10,  10,  10,  10,  10,  10,  10,  10,  10,  10,  10,  10,  10,  10,  10,  10,  10,  10,  10,   1,   0,   0,   1,   1,   1,   1,   1,  10,  10,  10,  10,   1,   1,   1,   1,   1,   0,   0,   1,  10,  10,  10,   1,   0,   0,   0,   0,   1,  10,  10,  10,1021,  10,  10,  10,   1,   0,   0,   0},
{   0,   0,   0,   1,  10,  10,  10,  10,  10,  10,  10,  10,  10,  10,  10,  10,  10,  10,  10,  10,  10,  10,  10,  10,   1,   1,   1,   1,   1,   1,   1,   1,   1,   1,  10,  10,  10,  10,  10,  10,  10,   1,   1,   1,   1,   1,   1,  10,  10,  10,   1,   0,   0,   1,  10,  10,  10,1021,  10,  10,  10,  10,1021,  10,  10,  10,   1,   0,   0,   1,  10,  10,  10,   1,   0,   0,   0,   0,   1,1021,1021,1021,1021,  10,  10,  10,   1,   0,   0,   0},
{   0,   0,   0,   1,  10,  10,  10,  10,  10,  10,  10,  10,  10,  10,  10,  10,  10,  10,  10,  10,  10,  10,  10,  10,   1,   0,   0,   0,   0,   0,   0,   0,   0,   1,  10,  10,  10,  10,  10,  10,  10,   1,   0,   0,   0,   0,   1,  10,  10,  10,   1,   0,   0,   1,  10,1090,  10,1021,  10,  10,  10,  10,1021,  10,1090,  10,   1,   0,   0,   1,  10,  10,  10,   1,   0,   0,   0,   0,   1,  10,  10,  10,  10,  10,  10,  10,   1,   0,   0,   0},
{   0,   0,   0,   1,   1,   1,   1,   1,   1,   1,   1,   1,   1,   1,   1,   1,   1,   1,   1,   1,   1,  10,  10,  10,   1,   0,   0,   0,   0,   0,   0,   0,   0,   1,  10,  10,   2,   2,   2,  10,  10,   1,   0,   0,   0,   0,   1,  10,  10,  10,   1,   0,   0,   1,  10,  10,  10,1021,  10,  10,  10,  10,1021,  10,  10,  10,   1,   0,   0,   1,  10,  10,  10,   1,   0,   0,   0,   0,   1,  10,  10,  10,  10,  10,  10,  10,   1,   0,   0,   0},
{   0,   0,   0,   0,   0,   0,   0,   0,   0,   0,   0,   0,   0,   0,   0,   0,   0,   0,   0,   0,   1,  10,  10,  10,   1,   0,   0,   0,   0,   0,   0,   0,   0,   1,  10,  10,   2,   2,   2,  10,  10,   1,   0,   0,   0,   0,   1,  10,  10,  10,   1,   1,   1,   1,1021,1021,1021,1021,  10,  10,  10,  10,1021,1021,1021,1021,   1,   1,   1,   1,  10,  10,  10,   1,   0,   0,   0,   0,   1,  10,  10,  10,  10,  10,  10,  10,   1,   0,   0,   0},
{   0,   0,   0,   0,   0,   0,   0,   0,   0,   0,   0,   0,   0,   0,   0,   0,   0,   0,   0,   0,   1,  10,  10,  10,   1,   0,   0,   0,   0,   0,   0,   0,   0,   1,  10,  10,  10,  10,  10,  10,  10,   1,   0,   0,   0,   0,   1,  10,  10,  10,  10,  10,  10,  10,  10,  10,  10,  10,  10,  10,  10,  10,  10,  10,  10,  10,  10,  10,  10,  10,  10,  10,  10,   1,   0,   0,   0,   0,   1,  10,  10,  10,  10,  10,  10,  10,   1,   0,   0,   0},
{   0,   0,   0,   0,   0,   0,   0,   0,   0,   0,   0,   0,   0,   0,   0,   0,   0,   0,   0,   0,   1,  10,  10,  10,   1,   0,   0,   0,   0,   0,   0,   0,   0,   1,  10,  10,  10,  10,  10,  10,  10,   1,   0,   0,   0,   0,   1,  10,  10,  10,  10,  10,  10,  10,  10,  10,  10,  10,  10,  10,  10,  10,  10,  10,  10,  10,  10,  10,  10,  10,  10,  10,  10,   1,   0,   0,   0,   0,   1,  10,  10,  10,  10,  10,  10,  10,   1,   0,   0,   0},
{   0,   0,   0,   0,   0,   0,   0,   0,   0,   0,   0,   0,   0,   0,   0,   0,   0,   0,   0,   0,   1,  10,  10,  10,   1,   0,   0,   0,   0,   0,   0,   0,   0,   1,  10,  10,  10,  10,  10,  10,  10,   1,   0,   0,   0,   0,   1,  10,  10,  10,  10,  10,  10,  10,  10,  10,  10,  10,  10,  10,  10,  10,  10,  10,  10,  10,  10,  10,  10,  10,  10,  10,  10,   1,   0,   0,   0,   0,   1,  10,  10,  10,  10,  10,  10,  10,   1,   0,   0,   0},
{   0,   0,   0,   0,   0,   0,   0,   0,   0,   0,   0,   0,   0,   0,   0,   0,   0,   0,   0,   0,   1,  10,  10,  10,   1,   0,   0,   0,   0,   0,   0,   0,   0,   1,  10,  10,  10,  10,  10,  10,  10,   1,   0,   0,   0,   0,   1,  10,  10,  10,  10,  10,  10,  10,  10,  10,  10,  10,  10,  10,  10,  10,  10,  10,  10,  10,  10,  10,  10,  10,  10,  10,  10,   1,   0,   0,   0,   0,   1,  10,  10,  10,  10,  10,  10,  10,   1,   0,   0,   0},
{   0,   0,   0,   0,   0,   0,   0,   0,   0,   0,   0,   0,   0,   0,   0,   0,   0,   0,   0,   0,   1,  10,  10,  10,   1,   0,   0,   0,   0,   0,   0,   0,   0,   1,  10,  10,  10,  10,  10,  10,  10,   1,   0,   0,   0,   0,   1,  10,  10,  10,   1,   1,   1,   1,1021,1021,1021,1021,  10,  10,  10,  10,1021,1021,1021,1021,   1,   1,   1,   1,  10,  10,  10,   1,   0,   0,   0,   0,   1,  10,  10,  10,  10,  10,  10,  10,   1,   0,   0,   0},
{   0,   0,   0,   1,   1,   1,   1,   1,   1,   1,   1,   1,   1,   1,   1,   1,   1,   1,   1,   1,   1,  10,  10,  10,   1,   1,   1,   0,   0,   0,   0,   0,   0,   1,  10,  10,  10,   2,  10,  10,  10,   1,   0,   0,   0,   0,   1,  10,  10,  10,   1,   0,   0,   1,  10,  10,  10,1021,  10,  10,  10,  10,1021,  10,  10,  10,   1,   0,   0,   1,  10,  10,  10,   1,   0,   0,   0,   0,   1,  10,  10,  10,   2,  10,  10,  10,   1,   0,   0,   0},
{   0,   0,   0,   1,  10,  10,  10,  10,  10,  10,  10,  10,  10,  10,  10,  10,  10,  10,  10,  10,  10,  10,  10,  10,  10,  10,   1,   0,   0,   0,   0,   0,   0,   1,  10,  10,  10,   2,  10,  10,  10,   1,   0,   0,   0,   0,   1,  10,  10,  10,   1,   0,   0,   1,  10,1090,  10,1021,  10,  10,  10,  10,1021,  10,1090,  10,   1,   0,   0,   1,  10,  10,  10,   1,   0,   0,   0,   0,   1,  10,  10,  10,   2,  10,  10,  10,   1,   0,   0,   0},
{   0,   0,   0,   1,  10,  10,  10,  10,  10,  10,  10,  10,  10,  10,  10,  10,  10,  10,  10,  10,  10,  10,  10,  10,  10,  10,   1,   0,   0,   0,   0,   0,   0,   1,  10,  10,  10,   2,  10,  10,  10,   1,   1,   1,   1,   1,   1,  10,  10,  10,   1,   0,   0,   1,  10,  10,  10,1021,  10,  10,  10,  10,1021,  10,  10,  10,   1,   0,   0,   1,  10,  10,  10,   1,   1,   1,   1,   1,   1,  10,  10,  10,   2,  10,  10,  10,   1,   0,   0,   0},
{   0,   0,   0,   1,  10,  10,   2,   2,   2,  10,  10,  10,  10,  10,  10,  10,  10,  10,  10,  10,  10,  10,  10,  10,  10,  10,   1,   0,   0,   0,   0,   0,   0,   1,  10,  10,  10,   2,  10,  10,  10,  10,  10,  10,  10,  10,  10,  10,  10,  10,   1,   0,   0,   1,   1,   1,   1,   1,  10,  10,  10,  10,   1,   1,   1,   1,   1,   0,   0,   1,  10,  10,  10,  10,  10,  10,  10,  10,  10,  10,  10,  10,   2,  10,  10,  10,   1,   0,   0,   0},
{   0,   0,   0,   1,  10,  10,   2,   2,   2,  10,  10,  10,  10,  10,  10,  10,  10,  10,  10,  10,  10,  10,1091,  10,  10,  10,   1,   0,   0,   0,   0,   0,   0,   1,  10,  10,  10,   2,  10,  10,  10,  10,  10,  10,  10,  10,  10,  10,  10,  10,   1,   0,   0,   0,   0,   0,   0,   1,  10,  10,  10,  10,   1,   0,   0,   0,   0,   0,   0,   1,  10,  10,  10,  10,  10,  10,  10,  10,  10,  10,  10,  10,   2,  10,  10,  10,   1,   0,   0,   0},
{   0,   0,   0,   1,  10,  10,   2,   2,   2,  10,  10,  10,  10,  10,  10,  10,  10,  10,  10,  10,  10,  10,  10,  10,  10,  10,   1,   0,   0,   0,   0,   0,   0,   1,  10,  10,  10,   2,  10,  10,  10,  10,  10,  10,  10,  10,  10,  10,  10,  10,   1,   0,   0,   0,   0,   0,   0,   1,  10,  10,  10,  10,   1,   0,   0,   0,   0,   0,   0,   1,  10,  10,  10,  10,  10,  10,  10,  10,  10,  10,  10,  10,   2,  10,  10,  10,   1,   0,   0,   0},
{   0,   0,   0,   1,  10,  10,  10,  10,  10,  10,  10,  10,  10,  10,  10,  10,  10,  10,  10,  10,  10,  10,  10,  10,  10,  10,   1,   0,   0,   0,   0,   0,   0,   1,  10,  10,  10,   2,  10,  10,  10,   1,   1,   1,   1,   1,   1,  10,  10,  10,   1,   1,   1,   1,   1,   1,   1,   1,  10,  10,  10,  10,   1,   1,   1,   1,   1,   1,   1,   1,  10,  10,  10,   1,   1,   1,   1,   1,   1,  10,  10,  10,   2,  10,  10,  10,   1,   0,   0,   0},
{   0,   0,   0,   1,  10,  10,  10,  10,  10,  10,  10,  10,  10,  10,  10,  10,  10,  10,  10,  10,  10,  10,  10,  10,  10,  10,   1,   0,   0,   0,   0,   0,   0,   1,  10,  10,  10,   2,  10,  10,  10,   1,   0,   0,   0,   0,   1,  10,  10,  10,  10,  10,  10,  10,  10,  10,  10,  10,  10,  10,  10,  10,  10,  10,  10,  10,  10,  10,  10,  10,  10,  10,  10,   1,   0,   0,   0,   0,   1,  10,  10,  10,   2,  10,  10,  10,   1,   0,   0,   0},
{   0,   0,   0,   1,   1,   1,  10,  10,  10,   1,   1,   1,   1,   1,   1,   1,   1,   1,   1,  10,  10,  10,  10,  10,  10,  10,   1,   0,   0,   0,   0,   0,   0,   1,  10,  10,  10,   2,  10,  10,  10,   1,   0,   0,   0,   0,   1,  10,  10,  10,  10,  10,  10,  10,  10,  10,  10,  10,  10,  10,  10,  10,  10,  10,  10,  10,  10,  10,  10,  10,  10,  10,  10,   1,   0,   0,   0,   0,   1,  10,  10,  10,   2,  10,  10,  10,   1,   0,   0,   0},
{   0,   0,   0,   0,   0,   1,  10,  10,  10,   1,   0,   0,   0,   0,   0,   0,   0,   0,   1,  10,  10,  10,  10,  10,  10,  10,   1,   0,   0,   0,   0,   0,   0,   1,  10,  10,  10,  10,  10,  10,  10,   1,   0,   0,   0,   0,   1,  10,  10,  10,  10,  10,  10,  10,  10,  10,  10,  10,  10,  10,  10,  10,  10,  10,  10,  10,  10,  10,  10,  10,  10,  10,  10,   1,   0,   0,   0,   0,   1,  10,  10,  10,  10,  10,  10,  10,   1,   0,   0,   0},
{   0,   0,   0,   0,   0,   1,  10,  10,  10,   1,   0,   0,   0,   0,   0,   0,   0,   0,   1,  10,  10,  10,  10,  10,  10,  10,   1,   0,   0,   0,   0,   0,   0,   1,  10,  10,  10,  10,  10,  10,  10,   1,   0,   0,   0,   0,   1,   1,   1,   1,   1,  10,  10,  10,   1,   1,   1,   1,   1,   1,   1,   1,   1,   1,   1,   1,  10,  10,  10,   1,   1,   1,   1,   1,   0,   0,   0,   0,   1,  10,  10,  10,  10,  10,  10,  10,   1,   0,   0,   0},
{   0,   0,   0,   0,   0,   1,  10,  10,  10,   1,   0,   0,   0,   0,   0,   0,   0,   0,   1,  10,  10,  10,  10,  10,  10,  10,   1,   0,   0,   0,   0,   0,   0,   1,  10,  10,  10,  10,  10,  10,  10,   1,   0,   0,   0,   0,   0,   0,   0,   0,   1,  10,  10,  10,   1,   0,   0,   0,   0,   0,   0,   0,   0,   0,   0,   1,  10,  10,  10,   1,   0,   0,   0,   0,   0,   0,   0,   0,   1,  10,  10,  10,  10,  10,  10,  10,   1,   0,   0,   0},
{   0,   0,   0,   0,   0,   1,  10,  10,  10,   1,   0,   0,   0,   0,   0,   0,   0,   0,   1,  10,  10,  10,  10,  10,  10,  10,   1,   0,   0,   0,   1,   1,   1,   1,  10,  10,  10,  10,  10,  10,  10,   1,   1,   1,   1,   1,   1,   1,   1,   1,   1,  10,  10,  10,   1,   1,   1,   1,   1,   1,   0,   0,   0,   0,   0,   1,  10,  10,  10,   1,   0,   0,   0,   0,   0,   0,   0,   0,   1,  10,  10,  10,  10,  10,  10,  10,   1,   0,   0,   0},
{   0,   0,   0,   0,   0,   1,  10,  10,  10,   1,   0,   0,   0,   0,   0,   0,   0,   0,   1,  10,  10,  10,  10,  10,  10,  10,   1,   0,   0,   0,   1,  10,  10,1021,  10,  10,  10,  10,  10,  10,  10,1021,  10,  10,  10,  10,  10,  10,  10,  10,  10,  10,  10,  10,  10,  10,  10,  10,  10,   1,   0,   0,   0,   0,   0,   1,  10,  10,  10,   1,   0,   0,   0,   0,   0,   0,   0,   0,   1,  10,  10,  10,  10,  10,  10,  10,   1,   0,   0,   0},
{   0,   0,   0,   0,   0,   1,  10,  10,  10,   1,   0,   0,   0,   0,   0,   0,   0,   0,   1,  10,  10,  10,  10,  10,  10,  10,   1,   0,   0,   0,   1,  10,  10,1021,  10,  10,  10,  10,  10,  10,  10,1021,  10,  10,  10,  10,  10,  91,  10,  10,  10,  10,  10,  10,  10,  10,  10,  10,  10,   1,   0,   0,   0,   0,   0,   1,  10,  10,  10,   1,   0,   0,   0,   0,   0,   0,   0,   0,   1,  10,  10,  10,  10,  10,  10,  10,   1,   0,   0,   0},
{   0,   0,   0,   0,   0,   1,  10,  10,  10,   1,   0,   0,   0,   0,   0,   0,   0,   0,   1,  10,  10,  10,  10,  10,  10,  10,   1,   0,   0,   0,   1,  10,  10,1021,  10,  10,  10,  10,  10,  10,  10,1021,  10,  10,  10,  10,  10,  10,  10,  10,  10,  10,  10,  10,  10,  10,  10,  10,  10,   1,   1,   1,   1,   1,   1,   1,  10,  10,  10,   1,   1,   1,   1,   1,   1,   1,   1,   1,   1,  10,  10,  10,  10,  10,  10,  10,   1,   0,   0,   0},
{   0,   0,   0,   0,   0,   1,  10,  10,  10,   1,   0,   0,   0,   0,   0,   0,   0,   0,   1,  10,  10,  10,  10,  10,  10,  10,   1,   0,   0,   0,   1,  10,  10,   2,  10,  10,  10,1090,  10,  10,  10,   2,  10,  10,  10,  10,  10,  10,  10,  10,  10,  10,  10,  10,  10,  10,  10,  10,  10,  10,  10,  10,  10,  10,  10,  10,  10,  10,  10,  10,  10,  10,  10,  10,  10,  10,  10,  10,  10,  10,  10,  10,  10,  10,  10,  10,   1,   0,   0,   0},
{   0,   0,   0,   0,   0,   1,  10,  10,  10,   1,   1,   1,   1,   1,   1,   1,   1,   1,   1,  10,  10,  10,  10,  10,  10,  10,   1,   0,   0,   0,   1,  10,  10,   2,  10,  10,  10,  10,  10,  10,  10,   2,  10,  10,  10,  10,  10,  10,  10,  10,  10,  10,  10,  10,  10,  10,  10,  10,  10,  10,  10,  10,  10,  10,  10,  10,  10,  10,  10,  10,  10,  10,  10,  10,  10,  10,  10,  10,  10,  10,  10,  10,  10,  10,  10,  10,   1,   0,   0,   0},
{   0,   0,   0,   0,   0,   1,  10,  10,  10,  10,  10,  10,  10,  10,  10,  10,  10,  10,  10,  10,  10,   2,   2,   2,  10,  10,   1,   0,   0,   0,   1,  10,  10,   2,  10,  10,  10,  10,  10,  10,  10,   2,  10,  10,  10,  10,  10,  10,  10,  10,  10,   2,   2,   2,  10,  10,  10,  10,  10,  10,  10,  10,  10,  10,  10,  10,  10,  10,  10,  10,  10,  10,  10,  10,  10,  10,  10,  10,  10,  10,  10,  10,  10,  10,  10,  10,   1,   0,   0,   0},
{   0,   0,   0,   0,   0,   1,  10,1091,  10,  10,  10,  10,  10,  10,  10,  10,  10,  10,  10,  10,  10,   2,   2,   2,  10,  10,   1,   0,   0,   0,   1,  10,  10,   2,   2,1020,1020,1020,1020,1020,   2,   2,  10,  10,  10,  10,  10,  10,  10,  10,  10,   2,   2,   2,  10,  10,  10,  10,  10,  10,  10,  10,  10,   2,   2,   2,   2,   2,   2,   2,   2,   2,  10,  10,  10,  10,  10,  10,  10,  10,  10,  10,  10,  10,  10,  10,   1,   0,   0,   0},
{   0,   0,   0,   0,   0,   1,  10,  10,  10,  10,  10,  10,  10,  10,  10,  10,  10,  10,  10,  10,  10,   2,   2,   2,  10,  10,   1,   0,   0,   0,   1,  10,  10,  10,  10,  10,  10,  10,  10,  10,  10,  10,  10,  10,  10,  10,  10,  10,  10,  10,  10,   2,   2,   2,  10,  10,  10,  10,  10,  10,  10,  10,  10,  10,  10,  10,  10,  10,  10,  10,  10,  10,  10,  10,  10,  10,  10,  10,  10,  10,  10,  10,  10,  10,  10,  10,   1,   0,   0,   0},
{   0,   0,   0,   0,   0,   1,   1,   1,   1,   1,   1,   1,   1,   1,   1,   1,   1,   1,   1,  10,  10,  10,  10,  10,  10,  10,   1,   0,   0,   0,   1,  10,  10,  10,  10,  10,  10,  10,  10,  10,  10,  10,  10,  10,  10,  10,  10,  10,  10,  10,  10,  10,  10,  10,  10,  10,  10,  10,  10,  10,  10,  10,  10,  10,  10,  10,  10,  10,  10,  10,  10,  10,  10,  10,  10,  10,  10,  10,  10,  10,  10,  10,  10,  10,  10,  10,   1,   0,   0,   0},
{   0,   0,   0,   0,   0,   0,   0,   0,   0,   0,   0,   0,   0,   0,   0,   0,   0,   0,   1,  10,  10,  10,  10,  10,  10,  10,   1,   0,   0,   0,   1,  10,  10,  10,  10,  10,  10,  10,  10,  10,  10,  10,  10,  10,  10,  10,  10,  10,  10,  10,  10,  10,  10,  10,  10,  10,  10,  10,  10,  10,  10,  10,  10,  10,  10,  10,  10,  10,  10,  10,  10,  10,  10,  10,  10,  10,  10,  10,  10,  10,  10,  10,  10,  10,  10,  10,   1,   0,   0,   0},
{   0,   0,   0,   0,   0,   0,   0,   0,   0,   0,   0,   0,   0,   0,   0,   0,   0,   0,   1,   1,   1,   1,   1,   1,   1,   1,   1,   0,   0,   0,   1,  10,  10,  10,  10,  10,  10,  10,  10,  10,  10,  10,  10,  10,  10,  10,  10,  10,  10,  10,  10,  10,  10,  10,  10,  10,  10,  10,  10,   1,   1,   1,   1,   1,   1,   1,   1,   1,   1,   1,   1,   1,   1,   1,   1,   1,   1,   1,   1,   1,   1,   1,   1,   1,   1,   1,   1,   0,   0,   0},
{   0,   0,   0,   0,   0,   0,   0,   0,   0,   0,   0,   0,   0,   0,   0,   0,   0,   0,   0,   0,   0,   0,   0,   0,   0,   0,   0,   0,   0,   0,   1,  10,  10,  10,  10,  10,  10,  10,  10,  10,  10,  10,  10,  10,  10,  10,  10,  10,  10,  10,  10,  10,  10,  10,  10,  10,  10,  90,  10,   1,   0,   0,   0,   0,   0,   0,   0,   0,   0,   0,   0,   0,   0,   0,   0,   0,   0,   0,   0,   0,   0,   0,   0,   0,   0,   0,   0,   0,   0,   0},
{   0,   0,   0,   0,   0,   0,   0,   0,   0,   0,   0,   0,   0,   0,   0,   0,   0,   0,   0,   0,   0,   0,   0,   0,   0,   0,   0,   0,   0,   0,   1,  10,  10,  10,  10,  10,  10,  10,  10,  10,  10,  10,  10,  10,  10,  10,  10,  10,  10,  10,  10,  10,  10,  10,  10,  10,  10,  10,  10,   1,   0,   0,   0,   0,   0,   0,   0,   0,   0,   0,   0,   0,   0,   0,   0,   0,   0,   0,   0,   0,   0,   0,   0,   0,   0,   0,   0,   0,   0,   0},
{   0,   0,   0,   0,   0,   0,   0,   0,   0,   0,   0,   0,   0,   0,   0,   0,   0,   0,   0,   0,   0,   0,   0,   0,   0,   0,   0,   0,   0,   0,   1,   1,   1,   1,   1,   1,   1,   1,   1,   1,   1,   1,   1,   1,   1,   1,   1,   1,   1,   1,   1,   1,   1,   1,   1,   1,   1,   1,   1,   1,   0,   0,   0,   0,   0,   0,   0,   0,   0,   0,   0,   0,   0,   0,   0,   0,   0,   0,   0,   0,   0,   0,   0,   0,   0,   0,   0,   0,   0,   0}