
Layout -2470518958310409790|1467161819970:
{   0,   0,   0,   0,   0,   0,   0,   0,   0,   0,   0,   0,   0,   0,   0,   0,   0,   0,   0,   0,   0,   0,   0,   0,   0,   0,   0,   0,   0,   0,   0,   0,   0,   0,   0,   0,   0,   0,   0,   0,   0,   0,   0,   0,   0,   0,   0,   0,   0,   0,   0,   0,   0,   0,   0,   0,   0,   0,   0,   0,   0,   0,   0,   0,   0,   0,   0,   0,   0,   0,   0,   0,   0,   0,   0},
{   0,   0,   0,   0,   0,   0,   0,   0,   0,   0,   0,   0,   0,   0,   0,   0,   0,   0,   0,   0,   0,   0,   0,   0,   0,   0,   0,   0,   0,   0,   0,   0,   0,   0,   0,   1,   1,   1,   1,   1,   0,   0,   0,   0,   0,   0,   0,   0,   0,   0,   0,   0,   0,   0,   0,   0,   0,   0,   0,   0,   0,   0,   0,   0,   0,   0,   0,   0,   0,   0,   0,   0,   0,   0,   0},
{   0,   0,   0,   0,   0,   0,   0,   0,   0,   0,   0,   0,   0,   0,   0,   0,   0,   0,   0,   0,   0,   0,   0,   0,   0,   0,   0,   0,   0,   0,   0,   0,   0,   0,   0,   1,  11,  11,  11,   1,   0,   0,   0,   0,   0,   0,   0,   0,   0,   0,   0,   0,   0,   0,   0,   0,   0,   0,   0,   0,   0,   0,   0,   0,   0,   0,   0,   0,   0,   0,   0,   0,   0,   0,   0},
{   0,   0,   0,   1,   1,   1,   1,   1,   1,   1,   1,   1,   0,   0,   0,   0,   0,   0,   0,   0,   0,   0,   0,   0,   0,   0,   0,   0,   0,   0,   0,   0,   0,   0,   0,   1,  11,1190,  11,   1,   0,   0,   0,   0,   0,   0,   0,   0,   0,   0,   0,   0,   0,   0,   0,   0,   0,   0,   0,   0,   0,   0,   0,   0,   0,   0,   0,   0,   0,   0,   0,   0,   0,   0,   0},
{   0,   0,   0,   1,  10,  10,  10,  10,  10,  10,  10,   1,   0,   0,   0,   0,   0,   0,   0,   0,   0,   0,   0,   0,   0,   0,   0,   0,   0,   0,   0,   0,   0,   0,   0,   1,  11,  11,  11,   1,   0,   0,   0,   0,   0,   0,   0,   0,   0,   0,   0,   0,   0,   0,   0,   0,   0,   0,   0,   0,   0,   0,   0,   0,   0,   0,   0,   0,   0,   0,   0,   0,   0,   0,   0},
{   0,   0,   0,   1,  10,  10,  10,  10,  10,  10,  10,   1,   1,   1,   1,   1,   1,   1,   1,   1,   1,   1,   1,   1,   1,   1,   1,   1,   1,   1,   1,   1,   1,   1,   1,   1,  11,  11,  11,   1,   1,   1,   1,   1,   1,   1,   1,   1,   1,   1,   1,   1,   1,   1,   1,   1,   1,   1,   1,   1,   1,   1,   1,   1,   1,   1,   1,   1,   1,   1,   0,   0,   0,   0,   0},
{   0,   0,   0,   1,  10,  10,   2,   2,   2,  10,  10,  10,  10,  10,  10,  10,  10,  10,  10,  10,  10,  10,  10,  10,  10,  10,  10,  10,  10,  10,  10,  10,  10,  10,  10,  10,  10,  10,  10,  10,  10,  10,  10,  10,  10,  10,  10,  10,  10,  10,  10,  10,  10,  10,  10,  10,  10,  10,  10,  10,  10,  10,  10,  10,  10,  10,  10,  10,  10,   1,   0,   0,   0,   0,   0},
{   0,   0,   0,   1,  10,  10,   2,   2,   2,  10,  10,  10,  10,  10,  10,  10,  10,  10,  10,1091,  10,  10,  10,  10,  10,1091,  10,  10,  10,  10,  10,  10,  10,  10,  10,  10,  10,  10,  10,  10,  10,  10,  10,  10,  10,  10,  10,  10,  10,  10,  10,  10,  10,  10,  10,  10,  10,  10,  10,  10,  10,  10,  10,  10,  10,  10,  10,  10,  10,   1,   0,   0,   0,   0,   0},
{   0,   0,   0,   1,  10,  10,   2,   2,   2,  10,  10,  10,  10,  10,  10,  10,  10,  10,  10,  10,  10,  10,  10,  10,  10,  10,  10,  10,  10,  10,  10,  10,  10,  10,  10,  10,  10,  10,  10,  10,  10,  10,  10,  10,  10,  10,  10,  10,  10,  10,  10,  10,  10,  10,  10,  10,  10,  10,  10,  10,  10,  10,  10,  10,  10,  10,  10,  10,  10,   1,   0,   0,   0,   0,   0},
{   0,   0,   0,   1,  10,  10,  10,  10,  10,  10,  10,   1,   1,   1,   1,   1,   1,   1,   1,   1,   1,   1,   1,   1,   1,   1,   1,   1,   1,   1,   1,   1,   1,   1,   1,   1,   1,   1,   1,   1,   1,   1,   1,   1,   1,   1,   1,   1,   1,   1,   1,  10,  10,  10,   1,   1,   1,   1,   1,   1,   1,   1,   1,   1,   1,   1,  10,  10,  10,   1,   0,   0,   0,   0,   0},
{   0,   0,   0,   1,  10,  10,  10,  10,  10,  10,  10,   1,   0,   0,   0,   0,   0,   0,   0,   0,   0,   0,   0,   0,   0,   0,   0,   0,   0,   0,   0,   0,   0,   0,   0,   0,   0,   0,   0,   0,   0,   0,   0,   0,   0,   0,   0,   0,   0,   0,   1,  10,  10,  10,   1,   0,   0,   0,   0,   0,   0,   0,   0,   0,   0,   1,  10,  10,  10,   1,   0,   0,   0,   0,   0},
{   0,   0,   0,   1,  10,  10,  10,  10,  10,  10,  10,   1,   0,   0,   0,   0,   0,   0,   0,   0,   0,   0,   0,   0,   0,   0,   0,   0,   0,   0,   0,   0,   0,   0,   0,   0,   0,   0,   0,   0,   0,   0,   0,   0,   0,   0,   0,   0,   0,   0,   1,  10,  10,  10,   1,   0,   0,   0,   0,   0,   0,   0,   0,   0,   0,   1,  10,  10,  10,   1,   0,   0,   0,   0,   0},
{   0,   0,   0,   1,  10,  10,  10,  10,  10,  10,  10,   1,   0,   0,   0,   0,   0,   0,   0,   0,   0,   0,   0,   0,   0,   0,   0,   0,   0,   0,   0,   0,   0,   0,   0,   0,   0,   0,   0,   0,   0,   0,   0,   0,   0,   0,   0,   0,   0,   0,   1,  10,  10,  10,   1,   0,   0,   0,   0,   0,   0,   0,   0,   0,   0,   1,  10,  10,  10,   1,   0,   0,   0,   0,   0},
{   0,   0,   0,   1,  10,  10,  10,  10,  10,  10,  10,   1,   0,   0,   0,   0,   0,   0,   0,   0,   0,   0,   0,   0,   0,   0,   0,   0,   0,   0,   0,   0,   0,   0,   0,   0,   0,   0,   0,   0,   0,   0,   0,   0,   0,   0,   0,   0,   0,   0,   1,  10,  10,  10,   1,   0,   0,   0,   0,   0,   0,   0,   0,   0,   0,   1,  10,  10,  10,   1,   0,   0,   0,   0,   0},
{   0,   0,   0,   1,  10,  10,  10,  10,  10,  10,  10,   1,   0,   0,   0,   0,   0,   0,   0,   0,   0,   0,   0,   0,   0,   0,   0,   0,   0,   0,   0,   0,   0,   0,   0,   0,   0,   0,   0,   0,   0,   0,   0,   0,   0,   0,   0,   0,   0,   0,   1,  10,  10,  10,   1,   0,   0,   0,   0,   0,   0,   0,   0,   0,   0,   1,  10,  10,  10,   1,   0,   0,   0,   0,   0},
{   0,   0,   0,   1,  10,  10,  10,  10,  10,  10,  10,   1,   0,   0,   0,   0,   0,   0,   0,   0,   0,   0,   0,   0,   0,   0,   0,   0,   0,   0,   0,   0,   0,   0,   0,   0,   0,   0,   0,   0,   0,   0,   0,   0,   0,   0,   0,   0,   0,   0,   1,  10,  10,  10,   1,   0,   0,   0,   0,   0,   0,   0,   0,   0,   0,   1,  10,  10,  10,   1,   0,   0,   0,   0,   0},
{   0,   0,   0,   1,  10,  10,  10,  10,  10,  10,  10,   1,   0,   0,   0,   0,   0,   0,   0,   0,   1,   1,   1,   1,   1,   0,   0,   0,   0,   0,   0,   1,   1,   1,   1,   1,   1,   1,   1,   1,   1,   1,   1,   1,   0,   0,   0,   0,   0,   0,   1,  10,  10,  10,   1,   0,   0,   0,   0,   0,   0,   1,   1,   1,   1,   1,  10,  10,  10,   1,   1,   1,   1,   1,   0},
{   0,   0,   0,   1,  10,  10,  10,  10,  10,  10,  10,   1,   0,   0,   0,   0,   0,   0,   0,   0,   1,  11,  11,  11,   1,   0,   0,   0,   0,   0,   0,   1,  11,  11,  11,  11,  11,  11,  11,  11,  11,  11,  11,   1,   0,   0,   0,   0,   0,   0,   1,  10,  10,  10,   1,   0,   0,   0,   0,   0,   0,   1,  10,  10,  10,  10,  10,  10,  10,  10,  10,  10,  10,   1,   0},
{   0,   0,   0,   1,  10,  10,  10,  10,  10,  10,  10,   1,   0,   0,   0,   0,   0,   0,   0,   0,   1,  11,1190,  11,   1,   0,   0,   0,   0,   0,   0,   1,  11,  11,  11,  11,  11,  11,  11,  11,  11,  11,  11,   1,   0,   0,   0,   0,   0,   0,   1,  10,  10,  10,   1,   1,   1,   1,   1,   1,   1,   1,  10,  10,  10,  10,  10,  10,  10,  10,  10,  10,  10,   1,   0},
{   0,   0,   0,   1,  10,  10,  10,  10,  10,  10,  10,   1,   0,   0,   0,   0,   0,   0,   0,   0,   1,  11,  11,  11,   1,   0,   0,   0,   0,   0,   0,   1,  11,  11,   2,   2,  11,  11,  11,  11,  11,  11,  11,   1,   0,   0,   0,   0,   0,   0,   1,  10,  10,  10,  10,  10,  10,  10,  10,  10,  10,  10,  10,  10,   2,   2,1020,1020,1020,   2,   2,  10,  10,   1,   0},
{   0,   0,   0,   1,  10,  10,  10,  10,  10,  10,  10,   1,   1,   1,   1,   1,   1,   1,   1,   1,   1,  11,  11,  11,   1,   1,   1,   1,   1,   1,   1,   1,  11,  11,   2,   2,  11,  11,  11,  11,  11,  11,  11,   1,   1,   1,   1,   1,   1,   1,   1,  10,  10,  10,  10,  10,  10,  10,  10,  10,  10,  10,  10,  10,   2,  10,  10,  10,  10,  10,   2,  10,  10,   1,   0},
{   0,   0,   0,   1,  10,  10,  10,  10,  10,  10,  10,  10,  10,  10,  10,  10,  10,  10,  10,  10,  10,  10,  10,  10,  10,  10,  10,  10,  10,  10,  10,  10,  11,  11,  11,  11,  11,  11,  11,  11,  11,  11,  11,  10,  10,  10,  10,  10,  10,  10,  10,  10,  10,  10,   2,  10,  10,  10,  10,  10,  10,  10,  10,  10,1020,  10,1091,  10,1091,  10,1021,  10,  10,   1,   0},
{   0,   0,   0,   1,  10,  10,  10,1091,  10,  10,  10,  10,  10,  10,  10,  10,  10,  10,  10,  10,  10,  10,  10,  10,  10,  10,  10,  10,  10,  10,  10,  10,  11,  11,  11,  11,  11,  11,  11,  11,  11,  11,  11,  10,  10,  10,  10,  10,  10,  10,  10,  10,  10,  10,   2,  10,1091,  10,  10,  10,  10,  10,  10,  10,1020,  10,  10,  10,  10,  10,1021,  10,  10,   1,   0},
{   0,   0,   0,   1,  10,  10,  10,  10,  10,  10,  10,  10,  10,  10,  10,  10,  10,  10,  10,  10,  10,  10,  10,  10,  10,  10,  10,  10,  10,  10,  10,  10,  11,  11,  11,  11,  11,  11,  11,  11,  11,  11,  11,  10,  10,  10,  10,  10,  10,  10,  10,  10,  10,  10,   2,  10,  10,  10,  10,  10,  10,  10,  10,  10,1020,  10,1091,  10,1091,  10,1021,  10,  10,   1,   0},
{   0,   0,   0,   1,  10,  10,  10,  10,  10,  10,  10,   1,   1,   1,   1,   1,   1,   1,   1,   1,   1,  10,  10,  10,   1,   1,   1,   1,   1,   1,   1,   1,  11,  11,  11,  11,  11,  11,  11,   2,   2,  11,  11,   1,   1,   1,   1,   1,   1,   1,   1,  10,  10,  10,  10,  10,  10,  10,  10,  10,  10,  10,  10,  10,   2,  10,  10,  10,  10,  10,   2,  10,  10,   1,   0},
{   0,   0,   0,   1,  10,  10,  10,  10,  10,  10,  10,   1,   0,   0,   0,   0,   0,   0,   0,   0,   1,  10,  10,  10,   1,   0,   0,   0,   0,   0,   0,   1,  11,  11,  11,  11,  11,  11,  11,   2,   2,  11,  11,   1,   0,   0,   0,   0,   0,   0,   1,  10,  10,  10,  10,  10,  10,  10,  10,  10,  10,  10,  10,  10,   2,   2,1020,1020,1020,   2,   2,  10,  10,   1,   0},
{   0,   0,   0,   1,  10,  10,  10,  10,  10,  10,  10,   1,   0,   0,   0,   0,   0,   0,   0,   0,   1,  10,  10,  10,   1,   0,   0,   0,   0,   0,   0,   1,  11,1190,  11,  11,  11,  11,  11,  11,  11,  11,  11,   1,   0,   0,   0,   0,   0,   0,   1,  10,  10,  10,   1,   1,   1,   1,   1,   1,   1,   1,  10,  10,  10,  10,  10,  10,  10,  10,  10,  10,  10,   1,   0},
{   0,   0,   0,   1,  10,  10,  10,  10,  10,  10,  10,   1,   0,   0,   0,   0,   0,   0,   0,   0,   1,  10,  10,  10,   1,   0,   0,   0,   0,   0,   0,   1,  11,  11,  11,  11,  11,  11,  11,  11,  11,  11,  11,   1,   0,   0,   0,   0,   0,   0,   1,  10,  10,  10,   1,   0,   0,   0,   0,   0,   0,   1,  10,  10,  10,  10,  10,  10,  10,  10,  10,  10,  10,   1,   0},
{   0,   0,   0,   1,  10,  10,  10,  10,  10,  10,  10,   1,   0,   0,   0,   0,   0,   0,   0,   0,   1,  10,  10,  10,   1,   0,   0,   0,   0,   0,   0,   1,   1,   1,   1,   1,   1,   1,   1,   1,   1,   1,   1,   1,   0,   0,   0,   0,   0,   0,   1,  10,  10,  10,   1,   0,   0,   0,   0,   0,   0,   1,   1,   1,   1,   1,  10,  10,  10,   1,   1,   1,   1,   1,   0},
{   0,   0,   0,   1,  10,  10,  10,  10,  10,  10,  10,   1,   0,   0,   0,   0,   0,   0,   0,   0,   1,  10,  10,  10,   1,   0,   0,   0,   0,   0,   0,   0,   0,   0,   0,   0,   0,   0,   0,   0,   0,   0,   0,   0,   0,   0,   0,   0,   0,   0,   1,  10,  10,  10,   1,   0,   0,   0,   0,   0,   0,   0,   0,   0,   0,   1,  10,  10,  10,   1,   0,   0,   0,   0,   0},
{   0,   0,   0,   1,  10,  10,  10,  10,  10,  10,  10,   1,   0,   0,   0,   1,   1,   1,   1,   1,   1,  10,  10,  10,   1,   1,   1,   1,   1,   1,   0,   0,   0,   0,   0,   0,   0,   0,   0,   0,   0,   0,   0,   0,   0,   0,   0,   0,   0,   0,   1,  10,  10,  10,   1,   0,   0,   0,   0,   0,   0,   0,   0,   0,   0,   1,  10,  10,  10,   1,   0,   0,   0,   0,   0},
{   0,   0,   0,   1,  10,  10,  10,  10,  10,  10,  10,   1,   0,   0,   0,   1,  10,  10,  10,  10,  10,  10,  10,  10,  10,  10,  10,  10,  10,   1,   0,   0,   0,   0,   0,   0,   0,   0,   0,   0,   0,   0,   0,   0,   0,   0,   0,   0,   0,   0,   1,  10,  10,  10,   1,   0,   0,   0,   0,   0,   0,   0,   0,   0,   0,   1,  10,  10,  10,   1,   0,   0,   0,   0,   0},
{   0,   0,   0,   1,  10,  10,  10,  10,  10,  10,  10,   1,   0,   0,   0,   1,  10,  10,  10,  10,  10,  10,  10,  10,  10,  10,  10,  10,  10,   1,   0,   0,   0,   0,   0,   0,   0,   0,   0,   0,   0,   0,   0,   0,   0,   0,   0,   0,   0,   0,   1,  10,  10,  10,   1,   0,   0,   0,   0,   0,   0,   0,   0,   0,   0,   1,  10,  10,  10,   1,   0,   0,   0,   0,   0},
{   0,   0,   0,   1,  10,  10,  10,  10,  10,  10,  10,   1,   0,   0,   0,   1,  10,  10,  10,  10,  10,  10,  10,  10,  10,  10,  10,  10,  10,   1,   0,   0,   0,   1,   1,   1,   1,   1,   1,   1,   1,   1,   1,   1,   1,   1,   1,   1,   1,   1,   1,  10,  10,  10,   1,   1,   1,   1,   1,   1,   1,   1,   1,   1,   1,   1,  10,  10,  10,   1,   1,   1,   0,   0,   0},
{   0,   0,   0,   1,  10,  10,  10,  10,  10,  10,  10,   1,   0,   0,   0,   1,  10,  10,  10,  10,   2,   2,   2,   2,   2,  10,  10,  10,  10,   1,   0,   0,   0,   1,  10,  10,  10,  10,  10,  10,  10,  10,  10,  10,  10,  10,  10,  10,  10,  10,  10,  10,  10,  10,  10,  10,  10,  10,  10,  10,  10,  10,  10,  10,  10,  10,  10,  10,  10,  10,  10,   1,   0,   0,   0},
{   0,   0,   0,   1,  10,  10,   2,   2,   2,  10,  10,   1,   0,   0,   0,   1,  10,  10,  10,  10,   2,   2,   2,   2,   2,  10,  10,  10,  10,   1,   0,   0,   0,   1,  10,  10,  10,  10,  10,  10,  10,  10,  10,  10,  10,  10,  10,  10,  10,  10,  10,  10,  10,  10,  10,  10,  10,  10,  10,  10,  10,  10,  10,  10,  10,  10,  10,  10,  10,  10,  10,   1,   0,   0,   0},
{   0,   0,   0,   1,  10,  10,  10,  10,  10,  10,  10,   1,   0,   0,   0,   1,  10,  10,  10,  10,  10,  10,  10,  10,  10,  10,  10,  10,  10,   1,   0,   0,   0,   1,  10,  10,  10,  10,  10,  10,  10,  10,  10,  10,  10,  10,  10,  10,  10,  10,  10,  10,  10,  10,  10,  10,  10,  10,  10,  10,  10,  10,  10,  10,  10,  10,   2,   2,   2,  10,  10,   1,   0,   0,   0},
{   0,   0,   0,   1,  10,  10,  10,1091,  10,  10,  10,   1,   0,   0,   0,   1,  10,  10,  10,  10,  10,  10,1091,  10,  10,  10,  10,  10,  10,   1,   0,   0,   0,   1,  10,  10,  10,  10,  10,  10,  10,  10,  10,  10,  10,  10,  10,  10,   2,   2,   2,   2,   2,   2,   2,   2,   2,  10,  10,  10,  10,  10,  10,  10,  10,  10,   2,   2,   2,  10,  10,   1,   0,   0,   0},
{   0,   0,   0,   1,  10,  10,  10,  10,  10,  10,  10,   1,   0,   0,   0,   1,  10,  10,  10,  10,  10,  10,  10,  10,  10,  10,  10,  10,  10,   1,   0,   0,   0,   1,  10,  10,  10,  10,  10,  10,  10,  10,  10,  10,  10,  10,  10,  10,  10,  10,  10,  10,  10,  10,  10,  10,  10,  10,  10,  10,  10,  10,  10,  10,  10,  10,   2,   2,   2,  10,  10,   1,   0,   0,   0},
{   0,   0,   0,   1,  10,  10,   2,   2,   2,  10,  10,   1,   0,   0,   0,   1,  10,  10,  10,  10,   2,   2,   2,   2,   2,  10,  10,  10,  10,   1,   0,   0,   0,   1,  10,  10,  10,  10,  10,  10,  10,  10,  10,  10,  10,  10,  10,  10,  10,  10,  10,  10,  10,  10,  10,  10,  10,  10,  10,  10,  10,  10,  10,  10,  10,  10,  10,  10,  10,  10,  10,   1,   0,   0,   0},
{   0,   0,   0,   1,  10,  10,  10,  10,  10,  10,  10,   1,   0,   0,   0,   1,  10,  10,  10,  10,   2,   2,   2,   2,   2,  10,  10,  10,  10,   1,   0,   0,   0,   1,  10,  10,  10,  10,  10,  10,  10,  10,  10,  10,  10,  10,  10,  10,  10,  10,  10,  10,  10,  10,  10,  10,  10,  10,  10,  10,  10,  10,  10,  10,  10,  10,  10,  10,  10,  10,  10,   1,   0,   0,   0},
{   0,   0,   0,   1,  10,  10,  10,  10,  10,  10,  10,   1,   0,   0,   0,   1,  10,  10,  10,  10,  10,  10,  10,  10,  10,  10,  10,  10,  10,   1,   0,   0,   0,   1,  10,  10,  10,  10,  10,  10,  10,   1,   1,   1,   1,   1,   1,   1,   1,   1,   1,   1,   1,   1,   1,   1,   1,   1,   1,   1,   1,   1,   1,   1,   1,   1,   1,   1,   1,   1,   1,   1,   0,   0,   0},
{   0,   0,   0,   1,  10,  10,  10,  10,  10,  10,  10,   1,   0,   0,   0,   1,  10,  10,  10,  10,  10,  10,  10,  10,  10,  10,  10,  10,  10,   1,   0,   0,   0,   1,  10,  10,  10,  10,  10,  10,  10,   1,   0,   0,   0,   0,   0,   0,   0,   0,   0,   0,   0,   0,   0,   0,   0,   0,   0,   0,   0,   0,   0,   0,   0,   0,   0,   0,   0,   0,   0,   0,   0,   0,   0},
{   0,   0,   0,   1,  10,  10,  10,  10,  10,  10,  10,   1,   0,   0,   0,   1,  10,  10,  10,  10,  10,  10,  10,  10,  10,  10,  10,  10,  10,   1,   0,   0,   0,   1,  10,  10,  10,  10,  10,  10,  10,   1,   0,   0,   0,   0,   0,   0,   0,   0,   0,   0,   0,   0,   0,   0,   0,   0,   0,   0,   0,   0,   0,   0,   0,   0,   0,   0,   0,   0,   0,   0,   0,   0,   0},
{   0,   0,   0,   1,  10,  10,  10,  10,  10,  10,  10,   1,   0,   0,   0,   1,  10,  10,  10,  10,  10,  10,  10,  10,  10,  10,  10,  10,  10,   1,   0,   0,   0,   1,  10,  10,  10,  10,  10,  10,  10,   1,   0,   0,   0,   0,   0,   0,   0,   0,   0,   0,   0,   0,   0,   0,   0,   0,   0,   0,   0,   0,   0,   0,   0,   0,   0,   0,   0,   0,   0,   0,   0,   0,   0},
{   0,   0,   0,   1,   1,   1,  11,  11,  11,   1,   1,   1,   0,   0,   0,   1,  10,  10,  10,  10,  10,  10,  10,  10,  10,  10,  10,  10,  10,   1,   1,   1,   1,   1,  10,  10,  10,  10,  10,  10,  10,   1,   1,   1,   1,   0,   0,   0,   0,   0,   0,   0,   0,   0,   0,   0,   0,   0,   0,   0,   0,   0,   0,   0,   0,   0,   0,   0,   0,   0,   0,   0,   0,   0,   0},
{   0,   0,   0,   0,   0,   1,  11,  11,  11,   1,   0,   0,   0,   0,   0,   1,  10,  10,  10,  10,  10,  10,  10,  10,  10,  10,  10,  10,  10,  10,  10,  10,  10,  10,  10,  10,  10,  10,  10,  10,  10,  10,  10,  10,   1,   0,   1,   1,   1,   1,   1,   1,   1,   1,   1,   1,   1,   1,   1,   0,   0,   1,   1,   1,   1,   1,   1,   1,   1,   1,   1,   1,   1,   1,   1},
{   0,   0,   0,   0,   0,   1,  11,1190,  11,   1,   0,   0,   0,   0,   0,   1,  10,  10,  10,  10,  10,  10,  10,  10,  10,  10,  10,  10,  10,  10,  10,  10,  10,  10,  10,  10,  10,  10,  10,  10,  10,  10,  90,  10,   1,   0,   1,  11,  11,  11,  11,  11,  11,  11,  11,  11,  11,  11,   1,   0,   0,   1,  12,  12,  12,  12,  12,1220,  12,  12,  12,  12,  12,  12,   1},
{   0,   0,   0,   0,   0,   1,  11,  11,  11,   1,   0,   0,   0,   0,   0,   1,  10,  10,  10,  10,  10,  10,  10,  10,  10,  10,  10,  10,  10,  10,  10,  10,  10,  10,  10,  10,  10,  10,  10,  10,  10,  10,  10,  10,   1,   0,   1,  11,  11,  11,  11,  11,  11,  11,  11,  11,  11,  11,   1,   0,   0,   1,  12,  12,  12,  12,  12,1220,  12,  12,  12,  12,1291,  12,   1},
{   0,   0,   0,   0,   0,   1,   1,   1,   1,   1,   0,   0,   0,   0,   0,   1,  10,  10,  10,  10,  10,  10,  10,  10,  10,  10,  10,  10,  10,  10,  10,  10,  10,  10,  10,  10,  10,  10,  10,  10,  10,  10,  10,  10,   1,   0,   1,  11,  11,   2,   2,  11,  11,  11,  11,  11,  11,  11,   1,   0,   0,   1,  12,  12,1220,  12,  12,1220,  12,  12,1220,  12,  12,  12,   1},
{   0,   0,   0,   0,   0,   0,   0,   0,   0,   0,   0,   0,   0,   0,   0,   1,  10,  10,  10,   2,   2,  10,  10,  10,  10,  10,  10,  10,  10,  10,  10,  10,  10,  10,  10,  10,  10,  10,  10,  10,  10,  10,  10,  10,   1,   1,   1,  11,  11,   2,   2,  11,  11,  11,  11,  11,  11,  11,   1,   1,   1,   1,  12,  12,1220,  12,  12,1220,  12,  12,1220,  12,1291,  12,   1},
{   0,   0,   0,   0,   0,   0,   0,   0,   0,   0,   0,   0,   0,   0,   0,   1,  10,  10,  10,   2,   2,  10,  10,1090,  10,  10,  10,  10,  10,  10,  10,  10,  10,  10,  10,  10,   2,   2,   2,  10,  10,  10,  10,  10,  10,  10,  10,  11,  11,  11,  11,  11,  11,  11,  11,  11,  11,  11,  10,  10,  10,  12,  12,  12,1220,  12,  12,1220,  12,  12,1220,  12,  12,  12,   1},
{   0,   0,   0,   0,   0,   0,   0,   0,   0,   0,   0,   0,   0,   0,   0,   1,  10,  10,  10,   2,   2,  10,  10,  10,  10,  10,  10,  10,  10,  10,  10,  10,  10,  10,  10,  10,   2,   2,   2,  10,  10,  10,  10,  10,  10,  10,  10,  11,  11,  11,  11,  11,  11,  11,  11,  11,  11,  11,  10,  10,  10,  12,  12,  12,1220,  12,  12,1220,  12,  12,1220,  12,1291,  12,   1},
{   0,   0,   0,   0,   0,   0,   0,   0,   0,   0,   0,   0,   0,   0,   0,   1,  10,  10,  10,   2,   2,  10,  10,  10,  10,  10,  10,  10,  10,  10,  10,  10,  10,  10,  10,  10,   2,   2,   2,  10,  10,  10,  10,  10,  10,  10,  10,  11,  11,  11,  11,  11,  11,  11,  11,  11,  11,  11,  10,  10,  10,  12,  12,  12,1220,  12,  12,1220,  12,  12,1220,  12,  12,  12,   1},
{   0,   0,   0,   0,   0,   0,   0,   0,   0,   0,   0,   0,   0,   0,   0,   1,  10,  10,  10,   2,   2,   2,   2,   2,   2,  10,  10,  10,  10,  10,  10,  10,  10,  10,  10,  10,  10,  10,  10,  10,  10,  10,  10,  10,   1,   1,   1,  11,  11,  11,  11,  11,  11,  11,   2,   2,  11,  11,   1,   1,   1,   1,  12,  12,   2,  12,  12,1220,  12,  12,1220,  12,1291,  12,   1},
{   0,   0,   0,   0,   0,   0,   0,   0,   0,   0,   0,   0,   0,   0,   0,   1,  10,  10,  10,   2,   2,   2,   2,   2,   2,  10,  10,  10,  10,  10,  10,  10,  10,  10,  10,  10,  10,  10,  10,  10,  10,  10,  10,  10,   1,   0,   1,  11,  11,  11,  11,  11,  11,  11,   2,   2,  11,  11,   1,   0,   0,   1,  12,  12,   2,  12,  12,1220,  12,  12,1220,  12,  12,  12,   1},
{   0,   0,   0,   0,   0,   0,   0,   0,   0,   0,   0,   0,   0,   0,   0,   1,  10,  10,  10,  10,  10,  10,  10,  10,  10,  10,  10,  10,  10,  10,  10,  10,  10,  10,  10,  10,  10,  10,  10,  10,  10,  10,  10,  10,   1,   0,   1,  11,1190,  11,  11,  11,  11,  11,  11,  11,  11,  11,   1,   0,   0,   1,  12,  12,   2,  12,  12,  12,  12,  12,1220,  12,1291,  12,   1},
{   0,   0,   0,   0,   0,   0,   0,   0,   0,   0,   0,   0,   0,   0,   0,   1,  10,1090,  10,  10,  10,  10,  10,  10,  10,  10,  10,  10,  10,  10,  10,  10,  91,  10,  10,  10,  10,  10,  10,  10,  10,  10,  10,  10,   1,   0,   1,  11,  11,  11,  11,  11,  11,  11,  11,  11,  11,  11,   1,   0,   0,   1,  12,  12,   2,  12,  12,  12,  12,  12,1220,  12,  12,  12,   1},
{   0,   0,   0,   0,   0,   0,   0,   0,   0,   0,   0,   0,   0,   0,   0,   1,  10,  10,  10,  10,  10,  10,  10,  10,  10,  10,  10,  10,  10,  10,  10,  10,  10,  10,  10,  10,  10,  10,  10,  10,  10,  10,  10,  10,   1,   0,   1,   1,   1,   1,   1,   1,   1,   1,   1,   1,   1,   1,   1,   0,   0,   1,   1,   1,   1,   1,   1,   1,   1,   1,   1,   1,   1,   1,   1},
{   0,   0,   0,   0,   0,   0,   0,   0,   0,   0,   0,   0,   0,   0,   0,   1,   1,   1,   1,   1,   1,   1,   1,   1,   1,   1,   1,   1,   1,   1,   1,   1,   1,   1,   1,   1,   1,   1,   1,   1,   1,   1,   1,   1,   1,   0,   0,   0,   0,   0,   0,   0,   0,   0,   0,   0,   0,   0,   0,   0,   0,   0,   0,   0,   0,   0,   0,   0,   0,   0,   0,   0,   0,   0,   0},
