
Layout 7708628993726724940|1466791811213:
{2,2,2,2,2,2,2,2,2,2,2,2,2,2,2,2,2,2,2,2,2,2,2,2,2,2,2,2,2,2,2,2,2,2,2,2,2,2,2,2,2,2,2,2,2,2,2,2,2,2,2,2,2,2,2,2,2,2,2,2,2,2,2,2,2,2,2,2,2,2,2,2,2,2,2},
{2,1,1,1,1,1,1,1,1,1,1,1,1,1,2,2,1,1,1,1,1,1,1,1,1,1,1,1,1,2,2,1,1,1,1,1,1,1,1,1,1,1,1,1,2,2,1,1,1,1,1,1,1,1,1,1,1,1,1,2,2,1,1,1,1,1,1,1,1,1,1,1,1,1,2},
{2,1,0,0,0,0,0,0,0,0,0,0,0,1,2,2,1,0,0,0,0,0,0,0,0,0,0,0,1,2,2,1,0,0,0,0,0,0,0,0,0,0,0,1,2,2,1,0,0,0,0,0,0,0,0,0,0,0,1,2,2,1,0,0,0,0,0,0,0,0,0,0,0,1,2},
{2,1,0,0,0,0,0,0,0,0,0,9,0,1,1,1,1,0,0,0,0,0,0,0,0,0,9,0,1,1,1,1,0,0,0,0,0,0,0,0,0,9,0,1,1,1,1,0,9,0,0,0,0,0,0,0,0,0,1,1,1,1,0,7,0,0,0,0,0,0,0,0,0,1,2},
{2,1,0,0,0,0,0,0,0,0,0,0,0,0,0,0,0,0,0,0,0,0,0,0,0,0,0,0,0,0,0,0,0,0,0,0,0,0,0,0,0,0,0,0,0,0,0,0,0,0,0,0,0,0,0,0,0,0,0,0,0,0,0,0,0,0,0,0,0,0,0,0,0,1,2},
{2,1,0,0,0,0,0,0,0,0,0,0,0,0,0,0,0,0,0,0,0,0,0,0,0,0,0,0,0,0,0,0,0,0,0,0,0,0,0,0,0,0,0,0,0,0,0,0,0,0,0,0,0,0,0,0,0,0,0,0,0,0,0,0,0,0,0,0,0,0,0,0,0,1,2},
{2,1,0,0,0,0,0,0,0,0,0,0,0,0,0,0,0,0,0,0,0,0,0,0,0,0,0,0,0,0,0,0,0,0,0,0,0,0,0,0,0,0,0,0,0,0,0,0,0,0,0,0,0,0,0,0,0,0,0,0,0,0,0,0,0,0,0,0,0,0,0,0,0,1,2},
{2,1,0,0,0,0,0,0,0,0,0,0,0,0,0,0,0,0,0,0,0,0,0,0,0,0,0,0,0,0,0,0,0,0,0,0,0,0,0,0,0,0,0,0,0,0,0,0,0,0,0,0,0,0,0,0,0,0,0,0,0,0,0,0,0,0,0,0,0,0,0,0,0,1,2},
{2,1,0,0,0,0,0,0,0,0,0,0,0,0,0,0,0,0,0,0,0,0,0,0,0,0,0,0,0,0,0,0,0,0,0,0,0,0,0,0,0,0,0,0,0,0,0,0,0,0,0,0,0,0,0,0,0,0,0,0,0,0,0,0,0,0,0,0,0,0,0,0,0,1,2},
{2,1,0,0,0,0,0,0,0,0,0,0,0,0,0,0,0,0,0,0,0,0,0,0,0,0,0,0,0,0,0,0,0,0,0,0,0,0,0,0,0,0,0,0,0,0,0,0,0,0,0,0,0,0,0,0,0,0,0,0,0,0,0,0,0,0,0,0,0,0,0,0,0,1,2},
{2,1,0,0,0,0,0,0,0,0,0,0,0,0,0,0,0,0,0,0,0,0,0,0,0,0,0,0,0,0,0,0,0,0,0,0,0,0,0,0,0,0,0,0,0,0,0,0,0,0,0,0,0,0,0,0,0,0,0,0,0,0,0,0,0,0,0,0,0,0,0,0,0,1,2},
{2,1,0,7,0,0,0,0,0,0,0,0,0,1,1,1,1,0,7,0,0,0,0,0,0,0,0,0,1,1,1,1,0,7,0,0,0,0,0,0,0,0,0,1,1,1,1,0,0,0,0,0,0,0,0,0,7,0,1,1,1,1,0,0,0,0,0,0,0,0,0,9,0,1,2},
{2,1,0,0,0,0,0,0,0,0,0,0,0,1,2,2,1,0,0,0,0,0,0,0,0,0,0,0,1,2,2,1,0,0,0,0,0,0,0,0,0,0,0,1,2,2,1,0,0,0,0,0,0,0,0,0,0,0,1,2,2,1,0,0,0,0,0,0,0,0,0,0,0,1,2},
{2,1,1,1,1,1,0,0,0,1,1,1,1,1,2,2,1,1,1,1,1,0,0,0,1,1,1,1,1,2,2,1,1,1,1,1,0,0,0,1,1,1,1,1,2,2,1,1,1,0,0,0,0,0,0,0,1,1,1,2,2,1,1,1,1,1,0,0,0,1,1,1,1,1,2},
{2,2,2,2,2,1,0,0,0,1,2,2,2,2,2,2,2,2,2,2,1,0,0,0,1,2,2,2,2,2,2,2,2,2,2,1,0,0,0,1,2,2,2,2,2,2,2,2,1,0,0,0,0,0,0,0,1,2,2,2,2,2,2,2,2,1,0,0,0,1,2,2,2,2,2},
{2,2,2,2,2,1,0,0,0,1,2,2,2,2,2,2,2,2,2,2,1,0,0,0,1,2,2,2,2,2,2,2,2,2,2,1,0,0,0,1,2,2,2,2,2,2,2,2,1,0,0,0,0,0,0,0,1,2,2,2,2,2,2,2,2,1,0,0,0,1,2,2,2,2,2},
{2,1,1,1,1,1,0,0,0,1,1,1,1,1,2,2,1,1,1,1,1,0,0,0,1,1,1,1,1,2,2,1,1,1,1,1,0,0,0,1,1,1,1,1,2,2,1,1,1,0,0,0,0,0,0,0,1,1,1,2,2,1,1,1,1,1,0,0,0,1,1,1,1,1,2},
{2,1,0,0,0,0,0,0,0,0,0,0,0,1,2,2,1,0,0,0,0,0,0,0,0,0,0,0,1,2,2,1,0,0,0,0,0,0,0,0,0,0,0,1,2,2,1,0,0,0,0,0,0,0,0,0,0,0,1,2,2,1,0,0,0,0,0,0,0,0,0,0,0,1,2},
{2,1,0,7,0,0,0,0,0,0,0,0,0,1,2,2,1,0,0,0,0,0,0,0,0,0,7,0,1,2,2,1,0,7,0,0,0,0,0,0,0,0,0,1,1,1,1,0,7,0,0,0,0,0,0,0,0,0,1,1,1,1,0,7,0,0,0,0,0,0,0,0,0,1,2},
{2,1,0,0,0,0,0,0,0,0,0,0,0,1,2,2,1,0,0,0,0,0,0,0,0,0,0,0,1,2,2,1,0,0,0,0,0,0,0,0,0,0,0,0,0,0,0,0,0,0,0,0,0,0,0,0,0,0,0,0,0,0,0,0,0,0,0,0,0,0,0,0,0,1,2},
{2,1,0,0,0,0,0,0,0,0,0,0,0,1,1,1,1,0,0,0,0,0,0,0,0,0,0,0,1,1,1,1,0,0,0,0,0,0,0,0,0,0,0,0,0,0,0,0,0,0,0,0,0,0,0,0,0,0,0,0,0,0,0,0,0,0,0,0,0,0,0,0,0,1,2},
{2,1,0,0,0,0,0,0,0,0,0,0,0,0,0,0,0,0,0,0,0,0,0,0,0,0,0,0,0,0,0,0,0,0,0,0,0,0,0,0,0,0,0,0,0,0,0,0,0,0,0,0,0,0,0,0,0,0,0,0,0,0,0,0,0,0,0,0,0,0,0,0,0,1,2},
{2,1,0,0,0,0,0,0,0,0,0,0,0,0,0,0,0,0,0,0,0,0,0,0,0,0,0,0,0,0,0,0,0,0,0,0,0,0,0,0,0,0,0,0,0,0,0,0,0,0,0,0,0,0,0,0,0,0,0,0,0,0,0,0,0,0,0,0,0,0,0,0,0,1,2},
{2,1,0,0,0,0,0,0,0,0,0,0,0,0,0,0,0,0,0,0,0,0,0,0,0,0,0,0,0,0,0,0,0,0,0,0,0,0,0,0,0,0,0,0,0,0,0,0,0,0,0,0,0,0,0,0,0,0,0,0,0,0,0,0,0,0,0,0,0,0,0,0,0,1,2},
{2,1,0,0,0,0,0,0,0,0,0,0,0,1,1,1,1,0,0,0,0,0,0,0,0,0,0,0,1,1,1,1,0,0,0,0,0,0,0,0,0,0,0,0,0,0,0,0,0,0,0,0,0,0,0,0,0,0,0,0,0,0,0,0,0,0,0,0,0,0,0,0,0,1,2},
{2,1,0,0,0,0,0,0,0,0,0,0,0,1,2,2,1,0,0,0,0,0,0,0,0,0,0,0,1,2,2,1,0,0,0,0,0,0,0,0,0,0,0,0,0,0,0,0,0,0,0,0,0,0,0,0,0,0,0,0,0,0,0,0,0,0,0,0,0,0,0,0,0,1,2},
{2,1,0,0,0,0,0,0,0,0,0,9,0,1,2,2,1,0,9,0,0,0,0,0,0,0,0,0,1,2,2,1,0,0,0,0,0,0,0,0,0,9,0,1,1,1,1,0,0,0,0,0,0,0,0,0,9,0,1,1,1,1,0,0,0,0,0,0,0,0,0,9,0,1,2},
{2,1,0,0,0,0,0,0,0,0,0,0,0,1,2,2,1,0,0,0,0,0,0,0,0,0,0,0,1,2,2,1,0,0,0,0,0,0,0,0,0,0,0,1,2,2,1,0,0,0,0,0,0,0,0,0,0,0,1,2,2,1,0,0,0,0,0,0,0,0,0,0,0,1,2},
{2,1,1,1,0,0,0,0,0,0,0,1,1,1,2,2,1,1,1,0,0,0,0,0,0,0,1,1,1,2,2,1,1,1,1,1,0,0,0,1,1,1,1,1,2,2,1,1,1,1,1,0,0,0,1,1,1,1,1,2,2,1,1,1,0,0,0,0,0,0,0,1,1,1,2},
{2,2,2,1,0,0,0,0,0,0,0,1,2,2,2,2,2,2,1,0,0,0,0,0,0,0,1,2,2,2,2,2,2,2,2,1,0,0,0,1,2,2,2,2,2,2,2,2,2,2,1,0,0,0,1,2,2,2,2,2,2,2,2,1,0,0,0,0,0,0,0,1,2,2,2},
{2,2,2,1,0,0,0,0,0,0,0,1,2,2,2,2,2,2,1,0,0,0,0,0,0,0,1,2,2,2,2,2,2,2,2,1,0,0,0,1,2,2,2,2,2,2,2,2,2,2,1,0,0,0,1,2,2,2,2,2,2,2,2,1,0,0,0,0,0,0,0,1,2,2,2},
{2,1,1,1,0,0,0,0,0,0,0,1,1,1,2,2,1,1,1,0,0,0,0,0,0,0,1,1,1,2,2,1,1,1,1,1,0,0,0,1,1,1,1,1,2,2,1,1,1,1,1,0,0,0,1,1,1,1,1,2,2,1,1,1,0,0,0,0,0,0,0,1,1,1,2},
{2,1,0,0,0,0,0,0,0,0,0,0,0,1,2,2,1,0,0,0,0,0,0,0,0,0,0,0,1,2,2,1,0,0,0,0,0,0,0,0,0,0,0,1,2,2,1,0,0,0,0,0,0,0,0,0,0,0,1,2,2,1,0,0,0,0,0,0,0,0,0,0,0,1,2},
{2,1,0,0,0,0,0,0,0,0,0,7,0,1,2,2,1,0,9,0,0,0,0,0,0,0,0,0,1,1,1,1,0,0,0,0,0,0,0,0,0,9,0,1,2,2,1,0,7,0,0,0,0,0,0,0,0,0,1,1,1,1,0,0,0,0,0,0,0,0,0,9,0,1,2},
{2,1,0,0,0,0,0,0,0,0,0,0,0,1,2,2,1,0,0,0,0,0,0,0,0,0,0,0,0,0,0,0,0,0,0,0,0,0,0,0,0,0,0,1,2,2,1,0,0,0,0,0,0,0,0,0,0,0,0,0,0,0,0,0,0,0,0,0,0,0,0,0,0,1,2},
{2,1,0,0,0,0,0,0,0,0,0,0,0,1,1,1,1,0,0,0,0,0,0,0,0,0,0,0,0,0,0,0,0,0,0,0,0,0,0,0,0,0,0,1,1,1,1,0,0,0,0,0,0,0,0,0,0,0,0,0,0,0,0,0,0,0,0,0,0,0,0,0,0,1,2},
{2,1,0,0,0,0,0,0,0,0,0,0,0,0,0,0,0,0,0,0,0,0,0,0,0,0,0,0,0,0,0,0,0,0,0,0,0,0,0,0,0,0,0,0,0,0,0,0,0,0,0,0,0,0,0,0,0,0,0,0,0,0,0,0,0,0,0,0,0,0,0,0,0,1,2},
{2,1,0,0,0,0,0,0,0,0,0,0,0,0,0,0,0,0,0,0,0,0,0,0,0,0,0,0,0,0,0,0,0,0,0,0,0,0,0,0,0,0,0,0,0,0,0,0,0,0,0,0,0,0,0,0,0,0,0,0,0,0,0,0,0,0,0,0,0,0,0,0,0,1,2},
{2,1,0,0,0,0,0,0,0,0,0,0,0,0,0,0,0,0,0,0,0,0,0,0,0,0,0,0,0,0,0,0,0,0,0,0,0,0,0,0,0,0,0,0,0,0,0,0,0,0,0,0,0,0,0,0,0,0,0,0,0,0,0,0,0,0,0,0,0,0,0,0,0,1,2},
{2,1,0,0,0,0,0,0,0,0,0,0,0,1,1,1,1,0,0,0,0,0,0,0,0,0,0,0,0,0,0,0,0,0,0,0,0,0,0,0,0,0,0,1,1,1,1,0,0,0,0,0,0,0,0,0,0,0,0,0,0,0,0,0,0,0,0,0,0,0,0,0,0,1,2},
{2,1,0,0,0,0,0,0,0,0,0,0,0,1,2,2,1,0,0,0,0,0,0,0,0,0,0,0,0,0,0,0,0,0,0,0,0,0,0,0,0,0,0,1,2,2,1,0,0,0,0,0,0,0,0,0,0,0,0,0,0,0,0,0,0,0,0,0,0,0,0,0,0,1,2},
{2,1,0,9,0,0,0,0,0,0,0,0,0,1,2,2,1,0,0,0,0,0,0,0,0,0,7,0,1,1,1,1,0,7,0,0,0,0,0,0,0,0,0,1,2,2,1,0,0,0,0,0,0,0,0,0,9,0,1,1,1,1,0,7,0,0,0,0,0,0,0,0,0,1,2},
{2,1,0,0,0,0,0,0,0,0,0,0,0,1,2,2,1,0,0,0,0,0,0,0,0,0,0,0,1,2,2,1,0,0,0,0,0,0,0,0,0,0,0,1,2,2,1,0,0,0,0,0,0,0,0,0,0,0,1,2,2,1,0,0,0,0,0,0,0,0,0,0,0,1,2},
{2,1,1,1,0,0,0,0,0,0,0,1,1,1,2,2,1,1,1,0,0,0,0,0,0,0,1,1,1,2,2,1,1,1,1,1,0,0,0,1,1,1,1,1,2,2,1,1,1,1,1,0,0,0,1,1,1,1,1,2,2,1,1,1,1,1,0,0,0,1,1,1,1,1,2},
{2,2,2,1,0,0,0,0,0,0,0,1,2,2,2,2,2,2,1,0,0,0,0,0,0,0,1,2,2,2,2,2,2,2,2,1,0,0,0,1,2,2,2,2,2,2,2,2,2,2,1,0,0,0,1,2,2,2,2,2,2,2,2,2,2,1,0,0,0,1,2,2,2,2,2},
{2,2,2,1,0,0,0,0,0,0,0,1,2,2,2,2,2,2,1,0,0,0,0,0,0,0,1,2,2,2,2,2,2,2,2,1,0,0,0,1,2,2,2,2,2,2,2,2,2,2,1,0,0,0,1,2,2,2,2,2,2,2,2,2,2,1,0,0,0,1,2,2,2,2,2},
{2,1,1,1,0,0,0,0,0,0,0,1,1,1,2,2,1,1,1,0,0,0,0,0,0,0,1,1,1,2,2,1,1,1,1,1,0,0,0,1,1,1,1,1,2,2,1,1,1,1,1,0,0,0,1,1,1,1,1,2,2,1,1,1,1,1,0,0,0,1,1,1,1,1,2},
{2,1,0,0,0,0,0,0,0,0,0,0,0,1,2,2,1,0,0,0,0,0,0,0,0,0,0,0,1,2,2,1,0,0,0,0,0,0,0,0,0,0,0,1,2,2,1,0,0,0,0,0,0,0,0,0,0,0,1,2,2,1,0,0,0,0,0,0,0,0,0,0,0,1,2},
{2,1,0,0,0,0,0,0,0,0,0,9,0,1,2,2,1,0,9,0,0,0,0,0,0,0,0,0,1,1,1,1,0,0,0,0,0,0,0,0,0,7,0,1,1,1,1,0,7,0,0,0,0,0,0,0,0,0,1,2,2,1,0,9,0,0,0,0,0,0,0,0,0,1,2},
{2,1,0,0,0,0,0,0,0,0,0,0,0,1,2,2,1,0,0,0,0,0,0,0,0,0,0,0,0,0,0,0,0,0,0,0,0,0,0,0,0,0,0,0,0,0,0,0,0,0,0,0,0,0,0,0,0,0,1,2,2,1,0,0,0,0,0,0,0,0,0,0,0,1,2},
{2,1,0,0,0,0,0,0,0,0,0,0,0,1,1,1,1,0,0,0,0,0,0,0,0,0,0,0,0,0,0,0,0,0,0,0,0,0,0,0,0,0,0,0,0,0,0,0,0,0,0,0,0,0,0,0,0,0,1,1,1,1,0,0,0,0,0,0,0,0,0,0,0,1,2},
{2,1,0,0,0,0,0,0,0,0,0,0,0,0,0,0,0,0,0,0,0,0,0,0,0,0,0,0,0,0,0,0,0,0,0,0,0,0,0,0,0,0,0,0,0,0,0,0,0,0,0,0,0,0,0,0,0,0,0,0,0,0,0,0,0,0,0,0,0,0,0,0,0,1,2},
{2,1,0,0,0,0,0,0,0,0,0,0,0,0,0,0,0,0,0,0,0,0,0,0,0,0,0,0,0,0,0,0,0,0,0,0,0,0,0,0,0,0,0,0,0,0,0,0,0,0,0,0,0,0,0,0,0,0,0,0,0,0,0,0,0,0,0,0,0,0,0,0,0,1,2},
{2,1,0,0,0,0,0,0,0,0,0,0,0,0,0,0,0,0,0,0,0,0,0,0,0,0,0,0,0,0,0,0,0,0,0,0,0,0,0,0,0,0,0,0,0,0,0,0,0,0,0,0,0,0,0,0,0,0,0,0,0,0,0,0,0,0,0,0,0,0,0,0,0,1,2},
{2,1,0,0,0,0,0,0,0,0,0,0,0,1,1,1,1,0,0,0,0,0,0,0,0,0,0,0,0,0,0,0,0,0,0,0,0,0,0,0,0,0,0,0,0,0,0,0,0,0,0,0,0,0,0,0,0,0,1,1,1,1,0,0,0,0,0,0,0,0,0,0,0,1,2},
{2,1,0,0,0,0,0,0,0,0,0,0,0,1,2,2,1,0,0,0,0,0,0,0,0,0,0,0,0,0,0,0,0,0,0,0,0,0,0,0,0,0,0,0,0,0,0,0,0,0,0,0,0,0,0,0,0,0,1,2,2,1,0,0,0,0,0,0,0,0,0,0,0,1,2},
{2,1,0,7,0,0,0,0,0,0,0,0,0,1,2,2,1,0,0,0,0,0,0,0,0,0,7,0,1,1,1,1,0,9,0,0,0,0,0,0,0,0,0,1,1,1,1,0,0,0,0,0,0,0,0,0,9,0,1,2,2,1,0,0,0,0,0,0,0,0,0,7,0,1,2},
{2,1,0,0,0,0,0,0,0,0,0,0,0,1,2,2,1,0,0,0,0,0,0,0,0,0,0,0,1,2,2,1,0,0,0,0,0,0,0,0,0,0,0,1,2,2,1,0,0,0,0,0,0,0,0,0,0,0,1,2,2,1,0,0,0,0,0,0,0,0,0,0,0,1,2},
{2,1,1,1,1,1,0,0,0,1,1,1,1,1,2,2,1,1,1,1,1,0,0,0,1,1,1,1,1,2,2,1,1,1,0,0,0,0,0,0,0,1,1,1,2,2,1,1,1,1,1,0,0,0,1,1,1,1,1,2,2,1,1,1,1,1,0,0,0,1,1,1,1,1,2},
{2,2,2,2,2,1,0,0,0,1,2,2,2,2,2,2,2,2,2,2,1,0,0,0,1,2,2,2,2,2,2,2,2,1,0,0,0,0,0,0,0,1,2,2,2,2,2,2,2,2,1,0,0,0,1,2,2,2,2,2,2,2,2,2,2,1,0,0,0,1,2,2,2,2,2},
{2,2,2,2,2,1,0,0,0,1,2,2,2,2,2,2,2,2,2,2,1,0,0,0,1,2,2,2,2,2,2,2,2,1,0,0,0,0,0,0,0,1,2,2,2,2,2,2,2,2,1,0,0,0,1,2,2,2,2,2,2,2,2,2,2,1,0,0,0,1,2,2,2,2,2},
{2,1,1,1,1,1,0,0,0,1,1,1,1,1,2,2,1,1,1,1,1,0,0,0,1,1,1,1,1,2,2,1,1,1,0,0,0,0,0,0,0,1,1,1,2,2,1,1,1,1,1,0,0,0,1,1,1,1,1,2,2,1,1,1,1,1,0,0,0,1,1,1,1,1,2},
{2,1,0,0,0,0,0,0,0,0,0,0,0,1,2,2,1,0,0,0,0,0,0,0,0,0,0,0,1,2,2,1,0,0,0,0,0,0,0,0,0,0,0,1,2,2,1,0,0,0,0,0,0,0,0,0,0,0,1,2,2,1,0,0,0,0,0,0,0,0,0,0,0,1,2},
{2,1,0,7,0,0,0,0,0,0,0,0,0,1,1,1,1,0,9,0,0,0,0,0,0,0,0,0,1,2,2,1,0,0,0,0,0,0,0,0,0,7,0,1,2,2,1,0,7,0,0,0,0,0,0,0,0,0,1,2,2,1,0,0,0,0,0,0,0,0,0,9,0,1,2},
{2,1,0,0,0,0,0,0,0,0,0,0,0,0,0,0,0,0,0,0,0,0,0,0,0,0,0,0,1,2,2,1,0,0,0,0,0,0,0,0,0,0,0,1,2,2,1,0,0,0,0,0,0,0,0,0,0,0,1,2,2,1,0,0,0,0,0,0,0,0,0,0,0,1,2},
{2,1,0,0,0,0,0,0,0,0,0,0,0,0,0,0,0,0,0,0,0,0,0,0,0,0,0,0,1,1,1,1,0,0,0,0,0,0,0,0,0,0,0,1,1,1,1,0,0,0,0,0,0,0,0,0,0,0,1,1,1,1,0,0,0,0,0,0,0,0,0,0,0,1,2},
{2,1,0,0,0,0,0,0,0,0,0,0,0,0,0,0,0,0,0,0,0,0,0,0,0,0,0,0,0,0,0,0,0,0,0,0,0,0,0,0,0,0,0,0,0,0,0,0,0,0,0,0,0,0,0,0,0,0,0,0,0,0,0,0,0,0,0,0,0,0,0,0,0,1,2},
{2,1,0,0,0,0,0,0,0,0,0,0,0,0,0,0,0,0,0,0,0,0,0,0,0,0,0,0,0,0,0,0,0,0,0,0,0,0,0,0,0,0,0,0,0,0,0,0,0,0,0,0,0,0,0,0,0,0,0,0,0,0,0,0,0,0,0,0,0,0,0,0,0,1,2},
{2,1,0,0,0,0,0,0,0,0,0,0,0,0,0,0,0,0,0,0,0,0,0,0,0,0,0,0,0,0,0,0,0,0,0,0,0,0,0,0,0,0,0,0,0,0,0,0,0,0,0,0,0,0,0,0,0,0,0,0,0,0,0,0,0,0,0,0,0,0,0,0,0,1,2},
{2,1,0,0,0,0,0,0,0,0,0,0,0,0,0,0,0,0,0,0,0,0,0,0,0,0,0,0,1,1,1,1,0,0,0,0,0,0,0,0,0,0,0,1,1,1,1,0,0,0,0,0,0,0,0,0,0,0,1,1,1,1,0,0,0,0,0,0,0,0,0,0,0,1,2},
{2,1,0,0,0,0,0,0,0,0,0,0,0,0,0,0,0,0,0,0,0,0,0,0,0,0,0,0,1,2,2,1,0,0,0,0,0,0,0,0,0,0,0,1,2,2,1,0,0,0,0,0,0,0,0,0,0,0,1,2,2,1,0,0,0,0,0,0,0,0,0,0,0,1,2},
{2,1,0,0,0,0,0,0,0,0,0,9,0,1,1,1,1,0,0,0,0,0,0,0,0,0,7,0,1,2,2,1,0,9,0,0,0,0,0,0,0,0,0,1,2,2,1,0,0,0,0,0,0,0,0,0,9,0,1,2,2,1,0,7,0,0,0,0,0,0,0,0,0,1,2},
{2,1,0,0,0,0,0,0,0,0,0,0,0,1,2,2,1,0,0,0,0,0,0,0,0,0,0,0,1,2,2,1,0,0,0,0,0,0,0,0,0,0,0,1,2,2,1,0,0,0,0,0,0,0,0,0,0,0,1,2,2,1,0,0,0,0,0,0,0,0,0,0,0,1,2},
{2,1,1,1,1,1,1,1,1,1,1,1,1,1,2,2,1,1,1,1,1,1,1,1,1,1,1,1,1,2,2,1,1,1,1,1,1,1,1,1,1,1,1,1,2,2,1,1,1,1,1,1,1,1,1,1,1,1,1,2,2,1,1,1,1,1,1,1,1,1,1,1,1,1,2},
{2,2,2,2,2,2,2,2,2,2,2,2,2,2,2,2,2,2,2,2,2,2,2,2,2,2,2,2,2,2,2,2,2,2,2,2,2,2,2,2,2,2,2,2,2,2,2,2,2,2,2,2,2,2,2,2,2,2,2,2,2,2,2,2,2,2,2,2,2,2,2,2,2,2,2}