
Layout -4296717701197217795|1466790532529:
{2,2,2,2,2,2,2,2,2,2,2,2,2,2,2,2,2,2,2,2,2,2,2,2,2,2,2,2,2,2,2,2,2,2,2,2,2,2,2,2,2,2,2,2,2,2,2,2,2,2,2,2,2,2,2,2,2,2,2,2,2,2,2,2,2,2,2,2,2,2,2,2,2,2,2},
{2,1,1,1,1,1,1,1,1,1,1,1,1,1,2,2,1,1,1,1,1,1,1,1,1,1,1,1,1,2,2,1,1,1,1,1,1,1,1,1,1,1,1,1,2,2,1,1,1,1,1,1,1,1,1,1,1,1,1,2,2,1,1,1,1,1,1,1,1,1,1,1,1,1,2},
{2,1,0,0,0,0,0,0,0,0,0,0,0,1,2,2,1,0,0,0,0,0,0,0,0,0,0,0,1,2,2,1,0,0,0,0,0,0,0,0,0,0,0,1,2,2,1,0,0,0,0,0,0,0,0,0,0,0,1,2,2,1,0,0,0,0,0,0,0,0,0,0,0,1,2},
{2,1,0,7,0,0,0,0,0,0,0,0,0,1,1,1,1,0,9,0,0,0,0,0,0,0,0,0,1,2,2,1,0,0,0,0,0,0,0,0,0,7,0,1,1,1,1,0,0,0,0,0,0,0,0,0,7,0,1,2,2,1,0,7,0,0,0,0,0,0,0,0,0,1,2},
{2,1,0,0,0,0,0,0,0,0,0,0,0,0,0,0,0,0,0,0,0,0,0,0,0,0,0,0,1,2,2,1,0,0,0,0,0,0,0,0,0,0,0,0,0,0,0,0,0,0,0,0,0,0,0,0,0,0,1,2,2,1,0,0,0,0,0,0,0,0,0,0,0,1,2},
{2,1,0,0,0,0,0,0,0,0,0,0,0,0,0,0,0,0,0,0,0,0,0,0,0,0,0,0,1,1,1,1,0,0,0,0,0,0,0,0,0,0,0,0,0,0,0,0,0,0,0,0,0,0,0,0,0,0,1,1,1,1,0,0,0,0,0,0,0,0,0,0,0,1,2},
{2,1,0,0,0,0,0,0,0,0,0,0,0,0,0,0,0,0,0,0,0,0,0,0,0,0,0,0,0,0,0,0,0,0,0,0,0,0,0,0,0,0,0,0,0,0,0,0,0,0,0,0,0,0,0,0,0,0,0,0,0,0,0,0,0,0,0,0,0,0,0,0,0,1,2},
{2,1,0,0,0,0,0,0,0,0,0,0,0,0,0,0,0,0,0,0,0,0,0,0,0,0,0,0,0,0,0,0,0,0,0,0,0,0,0,0,0,0,0,0,0,0,0,0,0,0,0,0,0,0,0,0,0,0,0,0,0,0,0,0,0,0,0,0,0,0,0,0,0,1,2},
{2,1,0,0,0,0,0,0,0,0,0,0,0,0,0,0,0,0,0,0,0,0,0,0,0,0,0,0,0,0,0,0,0,0,0,0,0,0,0,0,0,0,0,0,0,0,0,0,0,0,0,0,0,0,0,0,0,0,0,0,0,0,0,0,0,0,0,0,0,0,0,0,0,1,2},
{2,1,0,0,0,0,0,0,0,0,0,0,0,0,0,0,0,0,0,0,0,0,0,0,0,0,0,0,1,1,1,1,0,0,0,0,0,0,0,0,0,0,0,0,0,0,0,0,0,0,0,0,0,0,0,0,0,0,1,1,1,1,0,0,0,0,0,0,0,0,0,0,0,1,2},
{2,1,0,0,0,0,0,0,0,0,0,0,0,0,0,0,0,0,0,0,0,0,0,0,0,0,0,0,1,2,2,1,0,0,0,0,0,0,0,0,0,0,0,0,0,0,0,0,0,0,0,0,0,0,0,0,0,0,1,2,2,1,0,0,0,0,0,0,0,0,0,0,0,1,2},
{2,1,0,0,0,0,0,0,0,0,0,9,0,1,1,1,1,0,0,0,0,0,0,0,0,0,7,0,1,2,2,1,0,9,0,0,0,0,0,0,0,0,0,1,1,1,1,0,9,0,0,0,0,0,0,0,0,0,1,2,2,1,0,0,0,0,0,0,0,0,0,9,0,1,2},
{2,1,0,0,0,0,0,0,0,0,0,0,0,1,2,2,1,0,0,0,0,0,0,0,0,0,0,0,1,2,2,1,0,0,0,0,0,0,0,0,0,0,0,1,2,2,1,0,0,0,0,0,0,0,0,0,0,0,1,2,2,1,0,0,0,0,0,0,0,0,0,0,0,1,2},
{2,1,1,1,1,1,0,0,0,1,1,1,1,1,2,2,1,1,1,1,1,0,0,0,1,1,1,1,1,2,2,1,1,1,0,0,0,0,0,0,0,1,1,1,2,2,1,1,1,1,1,0,0,0,1,1,1,1,1,2,2,1,1,1,1,1,0,0,0,1,1,1,1,1,2},
{2,2,2,2,2,1,0,0,0,1,2,2,2,2,2,2,2,2,2,2,1,0,0,0,1,2,2,2,2,2,2,2,2,1,0,0,0,0,0,0,0,1,2,2,2,2,2,2,2,2,1,0,0,0,1,2,2,2,2,2,2,2,2,2,2,1,0,0,0,1,2,2,2,2,2},
{2,2,2,2,2,1,0,0,0,1,2,2,2,2,2,2,2,2,2,2,1,0,0,0,1,2,2,2,2,2,2,2,2,1,0,0,0,0,0,0,0,1,2,2,2,2,2,2,2,2,1,0,0,0,1,2,2,2,2,2,2,2,2,2,2,1,0,0,0,1,2,2,2,2,2},
{2,1,1,1,1,1,0,0,0,1,1,1,1,1,2,2,1,1,1,1,1,0,0,0,1,1,1,1,1,2,2,1,1,1,0,0,0,0,0,0,0,1,1,1,2,2,1,1,1,1,1,0,0,0,1,1,1,1,1,2,2,1,1,1,1,1,0,0,0,1,1,1,1,1,2},
{2,1,0,0,0,0,0,0,0,0,0,0,0,1,2,2,1,0,0,0,0,0,0,0,0,0,0,0,1,2,2,1,0,0,0,0,0,0,0,0,0,0,0,1,2,2,1,0,0,0,0,0,0,0,0,0,0,0,1,2,2,1,0,0,0,0,0,0,0,0,0,0,0,1,2},
{2,1,0,7,0,0,0,0,0,0,0,0,0,1,2,2,1,0,0,0,0,0,0,0,0,0,7,0,1,2,2,1,0,7,0,0,0,0,0,0,0,0,0,1,1,1,1,0,9,0,0,0,0,0,0,0,0,0,1,1,1,1,0,7,0,0,0,0,0,0,0,0,0,1,2},
{2,1,0,0,0,0,0,0,0,0,0,0,0,1,2,2,1,0,0,0,0,0,0,0,0,0,0,0,1,2,2,1,0,0,0,0,0,0,0,0,0,0,0,0,0,0,0,0,0,0,0,0,0,0,0,0,0,0,0,0,0,0,0,0,0,0,0,0,0,0,0,0,0,1,2},
{2,1,0,0,0,0,0,0,0,0,0,0,0,1,1,1,1,0,0,0,0,0,0,0,0,0,0,0,1,1,1,1,0,0,0,0,0,0,0,0,0,0,0,0,0,0,0,0,0,0,0,0,0,0,0,0,0,0,0,0,0,0,0,0,0,0,0,0,0,0,0,0,0,1,2},
{2,1,0,0,0,0,0,0,0,0,0,0,0,0,0,0,0,0,0,0,0,0,0,0,0,0,0,0,0,0,0,0,0,0,0,0,0,0,0,0,0,0,0,0,0,0,0,0,0,0,0,0,0,0,0,0,0,0,0,0,0,0,0,0,0,0,0,0,0,0,0,0,0,1,2},
{2,1,0,0,0,0,0,0,0,0,0,0,0,0,0,0,0,0,0,0,0,0,0,0,0,0,0,0,0,0,0,0,0,0,0,0,0,0,0,0,0,0,0,0,0,0,0,0,0,0,0,0,0,0,0,0,0,0,0,0,0,0,0,0,0,0,0,0,0,0,0,0,0,1,2},
{2,1,0,0,0,0,0,0,0,0,0,0,0,0,0,0,0,0,0,0,0,0,0,0,0,0,0,0,0,0,0,0,0,0,0,0,0,0,0,0,0,0,0,0,0,0,0,0,0,0,0,0,0,0,0,0,0,0,0,0,0,0,0,0,0,0,0,0,0,0,0,0,0,1,2},
{2,1,0,0,0,0,0,0,0,0,0,0,0,1,1,1,1,0,0,0,0,0,0,0,0,0,0,0,1,1,1,1,0,0,0,0,0,0,0,0,0,0,0,0,0,0,0,0,0,0,0,0,0,0,0,0,0,0,0,0,0,0,0,0,0,0,0,0,0,0,0,0,0,1,2},
{2,1,0,0,0,0,0,0,0,0,0,0,0,1,2,2,1,0,0,0,0,0,0,0,0,0,0,0,1,2,2,1,0,0,0,0,0,0,0,0,0,0,0,0,0,0,0,0,0,0,0,0,0,0,0,0,0,0,0,0,0,0,0,0,0,0,0,0,0,0,0,0,0,1,2},
{2,1,0,0,0,0,0,0,0,0,0,9,0,1,2,2,1,0,9,0,0,0,0,0,0,0,0,0,1,2,2,1,0,0,0,0,0,0,0,0,0,9,0,1,1,1,1,0,0,0,0,0,0,0,0,0,7,0,1,1,1,1,0,0,0,0,0,0,0,0,0,9,0,1,2},
{2,1,0,0,0,0,0,0,0,0,0,0,0,1,2,2,1,0,0,0,0,0,0,0,0,0,0,0,1,2,2,1,0,0,0,0,0,0,0,0,0,0,0,1,2,2,1,0,0,0,0,0,0,0,0,0,0,0,1,2,2,1,0,0,0,0,0,0,0,0,0,0,0,1,2},
{2,1,1,1,0,0,0,0,0,0,0,1,1,1,2,2,1,1,1,0,0,0,0,0,0,0,1,1,1,2,2,1,1,1,1,1,0,0,0,1,1,1,1,1,2,2,1,1,1,1,1,0,0,0,1,1,1,1,1,2,2,1,1,1,1,1,0,0,0,1,1,1,1,1,2},
{2,2,2,1,0,0,0,0,0,0,0,1,2,2,2,2,2,2,1,0,0,0,0,0,0,0,1,2,2,2,2,2,2,2,2,1,0,0,0,1,2,2,2,2,2,2,2,2,2,2,1,0,0,0,1,2,2,2,2,2,2,2,2,2,2,1,0,0,0,1,2,2,2,2,2},
{2,2,2,1,0,0,0,0,0,0,0,1,2,2,2,2,2,2,1,0,0,0,0,0,0,0,1,2,2,2,2,2,2,2,2,1,0,0,0,1,2,2,2,2,2,2,2,2,2,2,1,0,0,0,1,2,2,2,2,2,2,2,2,2,2,1,0,0,0,1,2,2,2,2,2},
{2,1,1,1,0,0,0,0,0,0,0,1,1,1,2,2,1,1,1,0,0,0,0,0,0,0,1,1,1,2,2,1,1,1,1,1,0,0,0,1,1,1,1,1,2,2,1,1,1,1,1,0,0,0,1,1,1,1,1,2,2,1,1,1,1,1,0,0,0,1,1,1,1,1,2},
{2,1,0,0,0,0,0,0,0,0,0,0,0,1,2,2,1,0,0,0,0,0,0,0,0,0,0,0,1,2,2,1,0,0,0,0,0,0,0,0,0,0,0,1,2,2,1,0,0,0,0,0,0,0,0,0,0,0,1,2,2,1,0,0,0,0,0,0,0,0,0,0,0,1,2},
{2,1,0,7,0,0,0,0,0,0,0,0,0,1,1,1,1,0,9,0,0,0,0,0,0,0,0,0,1,1,1,1,0,0,0,0,0,0,0,0,0,9,0,1,2,2,1,0,0,0,0,0,0,0,0,0,7,0,1,2,2,1,0,0,0,0,0,0,0,0,0,7,0,1,2},
{2,1,0,0,0,0,0,0,0,0,0,0,0,0,0,0,0,0,0,0,0,0,0,0,0,0,0,0,0,0,0,0,0,0,0,0,0,0,0,0,0,0,0,1,2,2,1,0,0,0,0,0,0,0,0,0,0,0,1,2,2,1,0,0,0,0,0,0,0,0,0,0,0,1,2},
{2,1,0,0,0,0,0,0,0,0,0,0,0,0,0,0,0,0,0,0,0,0,0,0,0,0,0,0,0,0,0,0,0,0,0,0,0,0,0,0,0,0,0,1,1,1,1,0,0,0,0,0,0,0,0,0,0,0,1,1,1,1,0,0,0,0,0,0,0,0,0,0,0,1,2},
{2,1,0,0,0,0,0,0,0,0,0,0,0,0,0,0,0,0,0,0,0,0,0,0,0,0,0,0,0,0,0,0,0,0,0,0,0,0,0,0,0,0,0,0,0,0,0,0,0,0,0,0,0,0,0,0,0,0,0,0,0,0,0,0,0,0,0,0,0,0,0,0,0,1,2},
{2,1,0,0,0,0,0,0,0,0,0,0,0,0,0,0,0,0,0,0,0,0,0,0,0,0,0,0,0,0,0,0,0,0,0,0,0,0,0,0,0,0,0,0,0,0,0,0,0,0,0,0,0,0,0,0,0,0,0,0,0,0,0,0,0,0,0,0,0,0,0,0,0,1,2},
{2,1,0,0,0,0,0,0,0,0,0,0,0,0,0,0,0,0,0,0,0,0,0,0,0,0,0,0,0,0,0,0,0,0,0,0,0,0,0,0,0,0,0,0,0,0,0,0,0,0,0,0,0,0,0,0,0,0,0,0,0,0,0,0,0,0,0,0,0,0,0,0,0,1,2},
{2,1,0,0,0,0,0,0,0,0,0,0,0,0,0,0,0,0,0,0,0,0,0,0,0,0,0,0,0,0,0,0,0,0,0,0,0,0,0,0,0,0,0,1,1,1,1,0,0,0,0,0,0,0,0,0,0,0,1,1,1,1,0,0,0,0,0,0,0,0,0,0,0,1,2},
{2,1,0,0,0,0,0,0,0,0,0,0,0,0,0,0,0,0,0,0,0,0,0,0,0,0,0,0,0,0,0,0,0,0,0,0,0,0,0,0,0,0,0,1,2,2,1,0,0,0,0,0,0,0,0,0,0,0,1,2,2,1,0,0,0,0,0,0,0,0,0,0,0,1,2},
{2,1,0,0,0,0,0,0,0,0,0,9,0,1,1,1,1,0,0,0,0,0,0,0,0,0,7,0,1,1,1,1,0,7,0,0,0,0,0,0,0,0,0,1,2,2,1,0,9,0,0,0,0,0,0,0,0,0,1,2,2,1,0,9,0,0,0,0,0,0,0,0,0,1,2},
{2,1,0,0,0,0,0,0,0,0,0,0,0,1,2,2,1,0,0,0,0,0,0,0,0,0,0,0,1,2,2,1,0,0,0,0,0,0,0,0,0,0,0,1,2,2,1,0,0,0,0,0,0,0,0,0,0,0,1,2,2,1,0,0,0,0,0,0,0,0,0,0,0,1,2},
{2,1,1,1,0,0,0,0,0,0,0,1,1,1,2,2,1,1,1,1,1,0,0,0,1,1,1,1,1,2,2,1,1,1,1,1,0,0,0,1,1,1,1,1,2,2,1,1,1,0,0,0,0,0,0,0,1,1,1,2,2,1,1,1,0,0,0,0,0,0,0,1,1,1,2},
{2,2,2,1,0,0,0,0,0,0,0,1,2,2,2,2,2,2,2,2,1,0,0,0,1,2,2,2,2,2,2,2,2,2,2,1,0,0,0,1,2,2,2,2,2,2,2,2,1,0,0,0,0,0,0,0,1,2,2,2,2,2,2,1,0,0,0,0,0,0,0,1,2,2,2},
{2,2,2,1,0,0,0,0,0,0,0,1,2,2,2,2,2,2,2,2,1,0,0,0,1,2,2,2,2,2,2,2,2,2,2,1,0,0,0,1,2,2,2,2,2,2,2,2,1,0,0,0,0,0,0,0,1,2,2,2,2,2,2,1,0,0,0,0,0,0,0,1,2,2,2},
{2,1,1,1,0,0,0,0,0,0,0,1,1,1,2,2,1,1,1,1,1,0,0,0,1,1,1,1,1,2,2,1,1,1,1,1,0,0,0,1,1,1,1,1,2,2,1,1,1,0,0,0,0,0,0,0,1,1,1,2,2,1,1,1,0,0,0,0,0,0,0,1,1,1,2},
{2,1,0,0,0,0,0,0,0,0,0,0,0,1,2,2,1,0,0,0,0,0,0,0,0,0,0,0,1,2,2,1,0,0,0,0,0,0,0,0,0,0,0,1,2,2,1,0,0,0,0,0,0,0,0,0,0,0,1,2,2,1,0,0,0,0,0,0,0,0,0,0,0,1,2},
{2,1,0,0,0,0,0,0,0,0,0,9,0,1,2,2,1,0,9,0,0,0,0,0,0,0,0,0,1,2,2,1,0,0,0,0,0,0,0,0,0,7,0,1,1,1,1,0,7,0,0,0,0,0,0,0,0,0,1,1,1,1,0,0,0,0,0,0,0,0,0,7,0,1,2},
{2,1,0,0,0,0,0,0,0,0,0,0,0,1,2,2,1,0,0,0,0,0,0,0,0,0,0,0,1,2,2,1,0,0,0,0,0,0,0,0,0,0,0,0,0,0,0,0,0,0,0,0,0,0,0,0,0,0,0,0,0,0,0,0,0,0,0,0,0,0,0,0,0,1,2},
{2,1,0,0,0,0,0,0,0,0,0,0,0,1,1,1,1,0,0,0,0,0,0,0,0,0,0,0,1,1,1,1,0,0,0,0,0,0,0,0,0,0,0,0,0,0,0,0,0,0,0,0,0,0,0,0,0,0,0,0,0,0,0,0,0,0,0,0,0,0,0,0,0,1,2},
{2,1,0,0,0,0,0,0,0,0,0,0,0,0,0,0,0,0,0,0,0,0,0,0,0,0,0,0,0,0,0,0,0,0,0,0,0,0,0,0,0,0,0,0,0,0,0,0,0,0,0,0,0,0,0,0,0,0,0,0,0,0,0,0,0,0,0,0,0,0,0,0,0,1,2},
{2,1,0,0,0,0,0,0,0,0,0,0,0,0,0,0,0,0,0,0,0,0,0,0,0,0,0,0,0,0,0,0,0,0,0,0,0,0,0,0,0,0,0,0,0,0,0,0,0,0,0,0,0,0,0,0,0,0,0,0,0,0,0,0,0,0,0,0,0,0,0,0,0,1,2},
{2,1,0,0,0,0,0,0,0,0,0,0,0,0,0,0,0,0,0,0,0,0,0,0,0,0,0,0,0,0,0,0,0,0,0,0,0,0,0,0,0,0,0,0,0,0,0,0,0,0,0,0,0,0,0,0,0,0,0,0,0,0,0,0,0,0,0,0,0,0,0,0,0,1,2},
{2,1,0,0,0,0,0,0,0,0,0,0,0,1,1,1,1,0,0,0,0,0,0,0,0,0,0,0,1,1,1,1,0,0,0,0,0,0,0,0,0,0,0,0,0,0,0,0,0,0,0,0,0,0,0,0,0,0,0,0,0,0,0,0,0,0,0,0,0,0,0,0,0,1,2},
{2,1,0,0,0,0,0,0,0,0,0,0,0,1,2,2,1,0,0,0,0,0,0,0,0,0,0,0,1,2,2,1,0,0,0,0,0,0,0,0,0,0,0,0,0,0,0,0,0,0,0,0,0,0,0,0,0,0,0,0,0,0,0,0,0,0,0,0,0,0,0,0,0,1,2},
{2,1,0,7,0,0,0,0,0,0,0,0,0,1,2,2,1,0,0,0,0,0,0,0,0,0,7,0,1,2,2,1,0,9,0,0,0,0,0,0,0,0,0,1,1,1,1,0,0,0,0,0,0,0,0,0,9,0,1,1,1,1,0,9,0,0,0,0,0,0,0,0,0,1,2},
{2,1,0,0,0,0,0,0,0,0,0,0,0,1,2,2,1,0,0,0,0,0,0,0,0,0,0,0,1,2,2,1,0,0,0,0,0,0,0,0,0,0,0,1,2,2,1,0,0,0,0,0,0,0,0,0,0,0,1,2,2,1,0,0,0,0,0,0,0,0,0,0,0,1,2},
{2,1,1,1,1,1,0,0,0,1,1,1,1,1,2,2,1,1,1,0,0,0,0,0,0,0,1,1,1,2,2,1,1,1,1,1,0,0,0,1,1,1,1,1,2,2,1,1,1,0,0,0,0,0,0,0,1,1,1,2,2,1,1,1,0,0,0,0,0,0,0,1,1,1,2},
{2,2,2,2,2,1,0,0,0,1,2,2,2,2,2,2,2,2,1,0,0,0,0,0,0,0,1,2,2,2,2,2,2,2,2,1,0,0,0,1,2,2,2,2,2,2,2,2,1,0,0,0,0,0,0,0,1,2,2,2,2,2,2,1,0,0,0,0,0,0,0,1,2,2,2},
{2,2,2,2,2,1,0,0,0,1,2,2,2,2,2,2,2,2,1,0,0,0,0,0,0,0,1,2,2,2,2,2,2,2,2,1,0,0,0,1,2,2,2,2,2,2,2,2,1,0,0,0,0,0,0,0,1,2,2,2,2,2,2,1,0,0,0,0,0,0,0,1,2,2,2},
{2,1,1,1,1,1,0,0,0,1,1,1,1,1,2,2,1,1,1,0,0,0,0,0,0,0,1,1,1,2,2,1,1,1,1,1,0,0,0,1,1,1,1,1,2,2,1,1,1,0,0,0,0,0,0,0,1,1,1,2,2,1,1,1,0,0,0,0,0,0,0,1,1,1,2},
{2,1,0,0,0,0,0,0,0,0,0,0,0,1,2,2,1,0,0,0,0,0,0,0,0,0,0,0,1,2,2,1,0,0,0,0,0,0,0,0,0,0,0,1,2,2,1,0,0,0,0,0,0,0,0,0,0,0,1,2,2,1,0,0,0,0,0,0,0,0,0,0,0,1,2},
{2,1,0,9,0,0,0,0,0,0,0,0,0,1,2,2,1,0,0,0,0,0,0,0,0,0,7,0,1,1,1,1,0,9,0,0,0,0,0,0,0,0,0,1,1,1,1,0,0,0,0,0,0,0,0,0,9,0,1,1,1,1,0,0,0,0,0,0,0,0,0,7,0,1,2},
{2,1,0,0,0,0,0,0,0,0,0,0,0,1,2,2,1,0,0,0,0,0,0,0,0,0,0,0,0,0,0,0,0,0,0,0,0,0,0,0,0,0,0,0,0,0,0,0,0,0,0,0,0,0,0,0,0,0,0,0,0,0,0,0,0,0,0,0,0,0,0,0,0,1,2},
{2,1,0,0,0,0,0,0,0,0,0,0,0,1,1,1,1,0,0,0,0,0,0,0,0,0,0,0,0,0,0,0,0,0,0,0,0,0,0,0,0,0,0,0,0,0,0,0,0,0,0,0,0,0,0,0,0,0,0,0,0,0,0,0,0,0,0,0,0,0,0,0,0,1,2},
{2,1,0,0,0,0,0,0,0,0,0,0,0,0,0,0,0,0,0,0,0,0,0,0,0,0,0,0,0,0,0,0,0,0,0,0,0,0,0,0,0,0,0,0,0,0,0,0,0,0,0,0,0,0,0,0,0,0,0,0,0,0,0,0,0,0,0,0,0,0,0,0,0,1,2},
{2,1,0,0,0,0,0,0,0,0,0,0,0,0,0,0,0,0,0,0,0,0,0,0,0,0,0,0,0,0,0,0,0,0,0,0,0,0,0,0,0,0,0,0,0,0,0,0,0,0,0,0,0,0,0,0,0,0,0,0,0,0,0,0,0,0,0,0,0,0,0,0,0,1,2},
{2,1,0,0,0,0,0,0,0,0,0,0,0,0,0,0,0,0,0,0,0,0,0,0,0,0,0,0,0,0,0,0,0,0,0,0,0,0,0,0,0,0,0,0,0,0,0,0,0,0,0,0,0,0,0,0,0,0,0,0,0,0,0,0,0,0,0,0,0,0,0,0,0,1,2},
{2,1,0,0,0,0,0,0,0,0,0,0,0,1,1,1,1,0,0,0,0,0,0,0,0,0,0,0,0,0,0,0,0,0,0,0,0,0,0,0,0,0,0,0,0,0,0,0,0,0,0,0,0,0,0,0,0,0,0,0,0,0,0,0,0,0,0,0,0,0,0,0,0,1,2},
{2,1,0,0,0,0,0,0,0,0,0,0,0,1,2,2,1,0,0,0,0,0,0,0,0,0,0,0,0,0,0,0,0,0,0,0,0,0,0,0,0,0,0,0,0,0,0,0,0,0,0,0,0,0,0,0,0,0,0,0,0,0,0,0,0,0,0,0,0,0,0,0,0,1,2},
{2,1,0,0,0,0,0,0,0,0,0,7,0,1,2,2,1,0,9,0,0,0,0,0,0,0,0,0,1,1,1,1,0,0,0,0,0,0,0,0,0,7,0,1,1,1,1,0,7,0,0,0,0,0,0,0,0,0,1,1,1,1,0,9,0,0,0,0,0,0,0,0,0,1,2},
{2,1,0,0,0,0,0,0,0,0,0,0,0,1,2,2,1,0,0,0,0,0,0,0,0,0,0,0,1,2,2,1,0,0,0,0,0,0,0,0,0,0,0,1,2,2,1,0,0,0,0,0,0,0,0,0,0,0,1,2,2,1,0,0,0,0,0,0,0,0,0,0,0,1,2},
{2,1,1,1,1,1,1,1,1,1,1,1,1,1,2,2,1,1,1,1,1,1,1,1,1,1,1,1,1,2,2,1,1,1,1,1,1,1,1,1,1,1,1,1,2,2,1,1,1,1,1,1,1,1,1,1,1,1,1,2,2,1,1,1,1,1,1,1,1,1,1,1,1,1,2},
{2,2,2,2,2,2,2,2,2,2,2,2,2,2,2,2,2,2,2,2,2,2,2,2,2,2,2,2,2,2,2,2,2,2,2,2,2,2,2,2,2,2,2,2,2,2,2,2,2,2,2,2,2,2,2,2,2,2,2,2,2,2,2,2,2,2,2,2,2,2,2,2,2,2,2}