
Layout -998516801349309202|1466787208912:
{2,2,2,2,2,2,2,2,2,2,2,2,2,2,2,2,2,2,2,2,2,2,2,2,2,2,2,2,2,2,2,2,2,2,2,2,2,2,2,2,2,2,2,2,2,2,2,2,2,2,2,2,2,2,2,2,2,2,2,2,2,2,2,2,2,2,2,2,2,2,2,2,2,2,2},
{2,1,1,1,1,1,1,1,1,1,1,1,1,1,2,2,1,1,1,1,1,1,1,1,1,1,1,1,1,2,2,1,1,1,1,1,1,1,1,1,1,1,1,1,2,2,1,1,1,1,1,1,1,1,1,1,1,1,1,2,2,1,1,1,1,1,1,1,1,1,1,1,1,1,2},
{2,1,0,0,0,0,0,0,0,0,0,0,0,1,2,2,1,0,0,0,0,0,0,0,0,0,0,0,1,2,2,1,0,0,0,0,0,0,0,0,0,0,0,1,2,2,1,0,0,0,0,0,0,0,0,0,0,0,1,2,2,1,0,0,0,0,0,0,0,0,0,0,0,1,2},
{2,1,0,0,0,0,0,0,0,0,0,0,0,1,2,2,1,0,0,0,0,0,0,0,0,0,0,0,1,2,2,1,0,0,0,0,0,0,0,0,0,0,0,1,1,1,1,0,0,0,0,0,0,0,0,0,0,0,1,1,1,1,0,0,0,0,0,0,0,0,0,0,0,1,2},
{2,1,0,0,0,0,0,0,0,0,0,0,0,1,2,2,1,0,0,0,0,0,0,0,0,0,0,0,1,2,2,1,0,0,0,0,0,0,0,0,0,0,0,0,0,0,0,0,0,0,0,0,0,0,0,0,0,0,0,0,0,0,0,0,0,0,0,0,0,0,0,0,0,1,2},
{2,1,0,0,0,0,0,0,0,0,0,0,0,1,1,1,1,0,0,0,0,0,0,0,0,0,0,0,1,1,1,1,0,0,0,0,0,0,0,0,0,0,0,0,0,0,0,0,0,0,0,0,0,0,0,0,0,0,0,0,0,0,0,0,0,0,0,0,0,0,0,0,0,1,2},
{2,1,0,0,0,0,0,0,0,0,0,0,0,0,0,0,0,0,0,0,0,0,0,0,0,0,0,0,0,0,0,0,0,0,0,0,0,0,0,0,0,0,0,0,0,0,0,0,0,0,0,0,0,0,0,0,0,0,0,0,0,0,0,0,0,0,0,0,0,0,0,0,0,1,2},
{2,1,0,0,0,0,0,0,0,0,0,0,0,0,0,0,0,0,0,0,0,0,0,0,0,0,0,0,0,0,0,0,0,0,0,0,0,0,0,0,0,0,0,0,0,0,0,0,0,0,0,0,0,0,0,0,0,0,0,0,0,0,0,0,0,0,0,0,0,0,0,0,0,1,2},
{2,1,0,0,0,0,0,0,0,0,0,0,0,0,0,0,0,0,0,0,0,0,0,0,0,0,0,0,0,0,0,0,0,0,0,0,0,0,0,0,0,0,0,0,0,0,0,0,0,0,0,0,0,0,0,0,0,0,0,0,0,0,0,0,0,0,0,0,0,0,0,0,0,1,2},
{2,1,0,0,0,0,0,0,0,0,0,0,0,1,1,1,1,0,0,0,0,0,0,0,0,0,0,0,1,1,1,1,0,0,0,0,0,0,0,0,0,0,0,0,0,0,0,0,0,0,0,0,0,0,0,0,0,0,0,0,0,0,0,0,0,0,0,0,0,0,0,0,0,1,2},
{2,1,0,0,0,0,0,0,0,0,0,0,0,1,2,2,1,0,0,0,0,0,0,0,0,0,0,0,1,2,2,1,0,0,0,0,0,0,0,0,0,0,0,0,0,0,0,0,0,0,0,0,0,0,0,0,0,0,0,0,0,0,0,0,0,0,0,0,0,0,0,0,0,1,2},
{2,1,0,0,0,0,0,0,0,0,0,0,0,1,2,2,1,0,0,0,0,0,0,0,0,0,0,0,1,2,2,1,0,0,0,0,0,0,0,0,0,0,0,1,1,1,1,0,0,0,0,0,0,0,0,0,0,0,1,1,1,1,0,0,0,0,0,0,0,0,0,0,0,1,2},
{2,1,0,0,0,0,0,0,0,0,0,0,0,1,2,2,1,0,0,0,0,0,0,0,0,0,0,0,1,2,2,1,0,0,0,0,0,0,0,0,0,0,0,1,2,2,1,0,0,0,0,0,0,0,0,0,0,0,1,2,2,1,0,0,0,0,0,0,0,0,0,0,0,1,2},
{2,1,1,1,1,1,0,0,0,1,1,1,1,1,2,2,1,1,1,1,1,0,0,0,1,1,1,1,1,2,2,1,1,1,0,0,0,0,0,0,0,1,1,1,2,2,1,1,1,1,1,0,0,0,1,1,1,1,1,2,2,1,1,1,0,0,0,0,0,0,0,1,1,1,2},
{2,2,2,2,2,1,0,0,0,1,2,2,2,2,2,2,2,2,2,2,1,0,0,0,1,2,2,2,2,2,2,2,2,1,0,0,0,0,0,0,0,1,2,2,2,2,2,2,2,2,1,0,0,0,1,2,2,2,2,2,2,2,2,1,0,0,0,0,0,0,0,1,2,2,2},
{2,2,2,2,2,1,0,0,0,1,2,2,2,2,2,2,2,2,2,2,1,0,0,0,1,2,2,2,2,2,2,2,2,1,0,0,0,0,0,0,0,1,2,2,2,2,2,2,2,2,1,0,0,0,1,2,2,2,2,2,2,2,2,1,0,0,0,0,0,0,0,1,2,2,2},
{2,1,1,1,1,1,0,0,0,1,1,1,1,1,2,2,1,1,1,1,1,0,0,0,1,1,1,1,1,2,2,1,1,1,0,0,0,0,0,0,0,1,1,1,2,2,1,1,1,1,1,0,0,0,1,1,1,1,1,2,2,1,1,1,0,0,0,0,0,0,0,1,1,1,2},
{2,1,0,0,0,0,0,0,0,0,0,0,0,1,2,2,1,0,0,0,0,0,0,0,0,0,0,0,1,2,2,1,0,0,0,0,0,0,0,0,0,0,0,1,2,2,1,0,0,0,0,0,0,0,0,0,0,0,1,2,2,1,0,0,0,0,0,0,0,0,0,0,0,1,2},
{2,1,0,0,0,0,0,0,0,0,0,0,0,1,1,1,1,0,0,0,0,0,0,0,0,0,0,0,1,2,2,1,0,0,0,0,0,0,0,0,0,0,0,1,2,2,1,0,0,0,0,0,0,0,0,0,0,0,1,1,1,1,0,0,0,0,0,0,0,0,0,0,0,1,2},
{2,1,0,0,0,0,0,0,0,0,0,0,0,0,0,0,0,0,0,0,0,0,0,0,0,0,0,0,1,2,2,1,0,0,0,0,0,0,0,0,0,0,0,1,2,2,1,0,0,0,0,0,0,0,0,0,0,0,0,0,0,0,0,0,0,0,0,0,0,0,0,0,0,1,2},
{2,1,0,0,0,0,0,0,0,0,0,0,0,0,0,0,0,0,0,0,0,0,0,0,0,0,0,0,1,1,1,1,0,0,0,0,0,0,0,0,0,0,0,1,1,1,1,0,0,0,0,0,0,0,0,0,0,0,0,0,0,0,0,0,0,0,0,0,0,0,0,0,0,1,2},
{2,1,0,0,0,0,0,0,0,0,0,0,0,0,0,0,0,0,0,0,0,0,0,0,0,0,0,0,0,0,0,0,0,0,0,0,0,0,0,0,0,0,0,0,0,0,0,0,0,0,0,0,0,0,0,0,0,0,0,0,0,0,0,0,0,0,0,0,0,0,0,0,0,1,2},
{2,1,0,0,0,0,0,0,0,0,0,0,0,0,0,0,0,0,0,0,0,0,0,0,0,0,0,0,0,0,0,0,0,0,0,0,0,0,0,0,0,0,0,0,0,0,0,0,0,0,0,0,0,0,0,0,0,0,0,0,0,0,0,0,0,0,0,0,0,0,0,0,0,1,2},
{2,1,0,0,0,0,0,0,0,0,0,0,0,0,0,0,0,0,0,0,0,0,0,0,0,0,0,0,0,0,0,0,0,0,0,0,0,0,0,0,0,0,0,0,0,0,0,0,0,0,0,0,0,0,0,0,0,0,0,0,0,0,0,0,0,0,0,0,0,0,0,0,0,1,2},
{2,1,0,0,0,0,0,0,0,0,0,0,0,0,0,0,0,0,0,0,0,0,0,0,0,0,0,0,1,1,1,1,0,0,0,0,0,0,0,0,0,0,0,1,1,1,1,0,0,0,0,0,0,0,0,0,0,0,0,0,0,0,0,0,0,0,0,0,0,0,0,0,0,1,2},
{2,1,0,0,0,0,0,0,0,0,0,0,0,0,0,0,0,0,0,0,0,0,0,0,0,0,0,0,1,2,2,1,0,0,0,0,0,0,0,0,0,0,0,1,2,2,1,0,0,0,0,0,0,0,0,0,0,0,0,0,0,0,0,0,0,0,0,0,0,0,0,0,0,1,2},
{2,1,0,0,0,0,0,0,0,0,0,0,0,1,1,1,1,0,0,0,0,0,0,0,0,0,0,0,1,2,2,1,0,0,0,0,0,0,0,0,0,0,0,1,2,2,1,0,0,0,0,0,0,0,0,0,0,0,1,1,1,1,0,0,0,0,0,0,0,0,0,0,0,1,2},
{2,1,0,0,0,0,0,0,0,0,0,0,0,1,2,2,1,0,0,0,0,0,0,0,0,0,0,0,1,2,2,1,0,0,0,0,0,0,0,0,0,0,0,1,2,2,1,0,0,0,0,0,0,0,0,0,0,0,1,2,2,1,0,0,0,0,0,0,0,0,0,0,0,1,2},
{2,1,1,1,0,0,0,0,0,0,0,1,1,1,2,2,1,1,1,0,0,0,0,0,0,0,1,1,1,2,2,1,1,1,0,0,0,0,0,0,0,1,1,1,2,2,1,1,1,1,1,0,0,0,1,1,1,1,1,2,2,1,1,1,0,0,0,0,0,0,0,1,1,1,2},
{2,2,2,1,0,0,0,0,0,0,0,1,2,2,2,2,2,2,1,0,0,0,0,0,0,0,1,2,2,2,2,2,2,1,0,0,0,0,0,0,0,1,2,2,2,2,2,2,2,2,1,0,0,0,1,2,2,2,2,2,2,2,2,1,0,0,0,0,0,0,0,1,2,2,2},
{2,2,2,1,0,0,0,0,0,0,0,1,2,2,2,2,2,2,1,0,0,0,0,0,0,0,1,2,2,2,2,2,2,1,0,0,0,0,0,0,0,1,2,2,2,2,2,2,2,2,1,0,0,0,1,2,2,2,2,2,2,2,2,1,0,0,0,0,0,0,0,1,2,2,2},
{2,1,1,1,0,0,0,0,0,0,0,1,1,1,2,2,1,1,1,0,0,0,0,0,0,0,1,1,1,2,2,1,1,1,0,0,0,0,0,0,0,1,1,1,2,2,1,1,1,1,1,0,0,0,1,1,1,1,1,2,2,1,1,1,0,0,0,0,0,0,0,1,1,1,2},
{2,1,0,0,0,0,0,0,0,0,0,0,0,1,2,2,1,0,0,0,0,0,0,0,0,0,0,0,1,2,2,1,0,0,0,0,0,0,0,0,0,0,0,1,2,2,1,0,0,0,0,0,0,0,0,0,0,0,1,2,2,1,0,0,0,0,0,0,0,0,0,0,0,1,2},
{2,1,0,0,0,0,0,0,0,0,0,0,0,1,1,1,1,0,0,0,0,0,0,0,0,0,0,0,1,2,2,1,0,0,0,0,0,0,0,0,0,0,0,1,2,2,1,0,0,0,0,0,0,0,0,0,0,0,1,2,2,1,0,0,0,0,0,0,0,0,0,0,0,1,2},
{2,1,0,0,0,0,0,0,0,0,0,0,0,0,0,0,0,0,0,0,0,0,0,0,0,0,0,0,1,2,2,1,0,0,0,0,0,0,0,0,0,0,0,1,2,2,1,0,0,0,0,0,0,0,0,0,0,0,1,2,2,1,0,0,0,0,0,0,0,0,0,0,0,1,2},
{2,1,0,0,0,0,0,0,0,0,0,0,0,0,0,0,0,0,0,0,0,0,0,0,0,0,0,0,1,1,1,1,0,0,0,0,0,0,0,0,0,0,0,1,1,1,1,0,0,0,0,0,0,0,0,0,0,0,1,1,1,1,0,0,0,0,0,0,0,0,0,0,0,1,2},
{2,1,0,0,0,0,0,0,0,0,0,0,0,0,0,0,0,0,0,0,0,0,0,0,0,0,0,0,0,0,0,0,0,0,0,0,0,0,0,0,0,0,0,0,0,0,0,0,0,0,0,0,0,0,0,0,0,0,0,0,0,0,0,0,0,0,0,0,0,0,0,0,0,1,2},
{2,1,0,0,0,0,0,0,0,0,0,0,0,0,0,0,0,0,0,0,0,0,0,0,0,0,0,0,0,0,0,0,0,0,0,0,0,0,0,0,0,0,0,0,0,0,0,0,0,0,0,0,0,0,0,0,0,0,0,0,0,0,0,0,0,0,0,0,0,0,0,0,0,1,2},
{2,1,0,0,0,0,0,0,0,0,0,0,0,0,0,0,0,0,0,0,0,0,0,0,0,0,0,0,0,0,0,0,0,0,0,0,0,0,0,0,0,0,0,0,0,0,0,0,0,0,0,0,0,0,0,0,0,0,0,0,0,0,0,0,0,0,0,0,0,0,0,0,0,1,2},
{2,1,0,0,0,0,0,0,0,0,0,0,0,0,0,0,0,0,0,0,0,0,0,0,0,0,0,0,1,1,1,1,0,0,0,0,0,0,0,0,0,0,0,1,1,1,1,0,0,0,0,0,0,0,0,0,0,0,1,1,1,1,0,0,0,0,0,0,0,0,0,0,0,1,2},
{2,1,0,0,0,0,0,0,0,0,0,0,0,0,0,0,0,0,0,0,0,0,0,0,0,0,0,0,1,2,2,1,0,0,0,0,0,0,0,0,0,0,0,1,2,2,1,0,0,0,0,0,0,0,0,0,0,0,1,2,2,1,0,0,0,0,0,0,0,0,0,0,0,1,2},
{2,1,0,0,0,0,0,0,0,0,0,0,0,1,1,1,1,0,0,0,0,0,0,0,0,0,0,0,1,2,2,1,0,0,0,0,0,0,0,0,0,0,0,1,2,2,1,0,0,0,0,0,0,0,0,0,0,0,1,2,2,1,0,0,0,0,0,0,0,0,0,0,0,1,2},
{2,1,0,0,0,0,0,0,0,0,0,0,0,1,2,2,1,0,0,0,0,0,0,0,0,0,0,0,1,2,2,1,0,0,0,0,0,0,0,0,0,0,0,1,2,2,1,0,0,0,0,0,0,0,0,0,0,0,1,2,2,1,0,0,0,0,0,0,0,0,0,0,0,1,2},
{2,1,1,1,0,0,0,0,0,0,0,1,1,1,2,2,1,1,1,1,1,0,0,0,1,1,1,1,1,2,2,1,1,1,1,1,0,0,0,1,1,1,1,1,2,2,1,1,1,1,1,0,0,0,1,1,1,1,1,2,2,1,1,1,1,1,0,0,0,1,1,1,1,1,2},
{2,2,2,1,0,0,0,0,0,0,0,1,2,2,2,2,2,2,2,2,1,0,0,0,1,2,2,2,2,2,2,2,2,2,2,1,0,0,0,1,2,2,2,2,2,2,2,2,2,2,1,0,0,0,1,2,2,2,2,2,2,2,2,2,2,1,0,0,0,1,2,2,2,2,2},
{2,2,2,1,0,0,0,0,0,0,0,1,2,2,2,2,2,2,2,2,1,0,0,0,1,2,2,2,2,2,2,2,2,2,2,1,0,0,0,1,2,2,2,2,2,2,2,2,2,2,1,0,0,0,1,2,2,2,2,2,2,2,2,2,2,1,0,0,0,1,2,2,2,2,2},
{2,1,1,1,0,0,0,0,0,0,0,1,1,1,2,2,1,1,1,1,1,0,0,0,1,1,1,1,1,2,2,1,1,1,1,1,0,0,0,1,1,1,1,1,2,2,1,1,1,1,1,0,0,0,1,1,1,1,1,2,2,1,1,1,1,1,0,0,0,1,1,1,1,1,2},
{2,1,0,0,0,0,0,0,0,0,0,0,0,1,2,2,1,0,0,0,0,0,0,0,0,0,0,0,1,2,2,1,0,0,0,0,0,0,0,0,0,0,0,1,2,2,1,0,0,0,0,0,0,0,0,0,0,0,1,2,2,1,0,0,0,0,0,0,0,0,0,0,0,1,2},
{2,1,0,0,0,0,0,0,0,0,0,0,0,1,1,1,1,0,0,0,0,0,0,0,0,0,0,0,1,1,1,1,0,0,0,0,0,0,0,0,0,0,0,1,1,1,1,0,0,0,0,0,0,0,0,0,0,0,1,2,2,1,0,0,0,0,0,0,0,0,0,0,0,1,2},
{2,1,0,0,0,0,0,0,0,0,0,0,0,0,0,0,0,0,0,0,0,0,0,0,0,0,0,0,0,0,0,0,0,0,0,0,0,0,0,0,0,0,0,0,0,0,0,0,0,0,0,0,0,0,0,0,0,0,1,2,2,1,0,0,0,0,0,0,0,0,0,0,0,1,2},
{2,1,0,0,0,0,0,0,0,0,0,0,0,0,0,0,0,0,0,0,0,0,0,0,0,0,0,0,0,0,0,0,0,0,0,0,0,0,0,0,0,0,0,0,0,0,0,0,0,0,0,0,0,0,0,0,0,0,1,1,1,1,0,0,0,0,0,0,0,0,0,0,0,1,2},
{2,1,0,0,0,0,0,0,0,0,0,0,0,0,0,0,0,0,0,0,0,0,0,0,0,0,0,0,0,0,0,0,0,0,0,0,0,0,0,0,0,0,0,0,0,0,0,0,0,0,0,0,0,0,0,0,0,0,0,0,0,0,0,0,0,0,0,0,0,0,0,0,0,1,2},
{2,1,0,0,0,0,0,0,0,0,0,0,0,0,0,0,0,0,0,0,0,0,0,0,0,0,0,0,0,0,0,0,0,0,0,0,0,0,0,0,0,0,0,0,0,0,0,0,0,0,0,0,0,0,0,0,0,0,0,0,0,0,0,0,0,0,0,0,0,0,0,0,0,1,2},
{2,1,0,0,0,0,0,0,0,0,0,0,0,0,0,0,0,0,0,0,0,0,0,0,0,0,0,0,0,0,0,0,0,0,0,0,0,0,0,0,0,0,0,0,0,0,0,0,0,0,0,0,0,0,0,0,0,0,0,0,0,0,0,0,0,0,0,0,0,0,0,0,0,1,2},
{2,1,0,0,0,0,0,0,0,0,0,0,0,0,0,0,0,0,0,0,0,0,0,0,0,0,0,0,0,0,0,0,0,0,0,0,0,0,0,0,0,0,0,0,0,0,0,0,0,0,0,0,0,0,0,0,0,0,1,1,1,1,0,0,0,0,0,0,0,0,0,0,0,1,2},
{2,1,0,0,0,0,0,0,0,0,0,0,0,0,0,0,0,0,0,0,0,0,0,0,0,0,0,0,0,0,0,0,0,0,0,0,0,0,0,0,0,0,0,0,0,0,0,0,0,0,0,0,0,0,0,0,0,0,1,2,2,1,0,0,0,0,0,0,0,0,0,0,0,1,2},
{2,1,0,0,0,0,0,0,0,0,0,0,0,1,1,1,1,0,0,0,0,0,0,0,0,0,0,0,1,1,1,1,0,0,0,0,0,0,0,0,0,0,0,1,1,1,1,0,0,0,0,0,0,0,0,0,0,0,1,2,2,1,0,0,0,0,0,0,0,0,0,0,0,1,2},
{2,1,0,0,0,0,0,0,0,0,0,0,0,1,2,2,1,0,0,0,0,0,0,0,0,0,0,0,1,2,2,1,0,0,0,0,0,0,0,0,0,0,0,1,2,2,1,0,0,0,0,0,0,0,0,0,0,0,1,2,2,1,0,0,0,0,0,0,0,0,0,0,0,1,2},
{2,1,1,1,1,1,0,0,0,1,1,1,1,1,2,2,1,1,1,1,1,0,0,0,1,1,1,1,1,2,2,1,1,1,0,0,0,0,0,0,0,1,1,1,2,2,1,1,1,1,1,0,0,0,1,1,1,1,1,2,2,1,1,1,1,1,0,0,0,1,1,1,1,1,2},
{2,2,2,2,2,1,0,0,0,1,2,2,2,2,2,2,2,2,2,2,1,0,0,0,1,2,2,2,2,2,2,2,2,1,0,0,0,0,0,0,0,1,2,2,2,2,2,2,2,2,1,0,0,0,1,2,2,2,2,2,2,2,2,2,2,1,0,0,0,1,2,2,2,2,2},
{2,2,2,2,2,1,0,0,0,1,2,2,2,2,2,2,2,2,2,2,1,0,0,0,1,2,2,2,2,2,2,2,2,1,0,0,0,0,0,0,0,1,2,2,2,2,2,2,2,2,1,0,0,0,1,2,2,2,2,2,2,2,2,2,2,1,0,0,0,1,2,2,2,2,2},
{2,1,1,1,1,1,0,0,0,1,1,1,1,1,2,2,1,1,1,1,1,0,0,0,1,1,1,1,1,2,2,1,1,1,0,0,0,0,0,0,0,1,1,1,2,2,1,1,1,1,1,0,0,0,1,1,1,1,1,2,2,1,1,1,1,1,0,0,0,1,1,1,1,1,2},
{2,1,0,0,0,0,0,0,0,0,0,0,0,1,2,2,1,0,0,0,0,0,0,0,0,0,0,0,1,2,2,1,0,0,0,0,0,0,0,0,0,0,0,1,2,2,1,0,0,0,0,0,0,0,0,0,0,0,1,2,2,1,0,0,0,0,0,0,0,0,0,0,0,1,2},
{2,1,0,0,0,0,0,0,0,0,0,0,0,1,1,1,1,0,0,0,0,0,0,0,0,0,0,0,1,2,2,1,0,0,0,0,0,0,0,0,0,0,0,1,2,2,1,0,0,0,0,0,0,0,0,0,0,0,1,1,1,1,0,0,0,0,0,0,0,0,0,0,0,1,2},
{2,1,0,0,0,0,0,0,0,0,0,0,0,0,0,0,0,0,0,0,0,0,0,0,0,0,0,0,1,2,2,1,0,0,0,0,0,0,0,0,0,0,0,1,2,2,1,0,0,0,0,0,0,0,0,0,0,0,0,0,0,0,0,0,0,0,0,0,0,0,0,0,0,1,2},
{2,1,0,0,0,0,0,0,0,0,0,0,0,0,0,0,0,0,0,0,0,0,0,0,0,0,0,0,1,1,1,1,0,0,0,0,0,0,0,0,0,0,0,1,1,1,1,0,0,0,0,0,0,0,0,0,0,0,0,0,0,0,0,0,0,0,0,0,0,0,0,0,0,1,2},
{2,1,0,0,0,0,0,0,0,0,0,0,0,0,0,0,0,0,0,0,0,0,0,0,0,0,0,0,0,0,0,0,0,0,0,0,0,0,0,0,0,0,0,0,0,0,0,0,0,0,0,0,0,0,0,0,0,0,0,0,0,0,0,0,0,0,0,0,0,0,0,0,0,1,2},
{2,1,0,0,0,0,0,0,0,0,0,0,0,0,0,0,0,0,0,0,0,0,0,0,0,0,0,0,0,0,0,0,0,0,0,0,0,0,0,0,0,0,0,0,0,0,0,0,0,0,0,0,0,0,0,0,0,0,0,0,0,0,0,0,0,0,0,0,0,0,0,0,0,1,2},
{2,1,0,0,0,0,0,0,0,0,0,0,0,0,0,0,0,0,0,0,0,0,0,0,0,0,0,0,0,0,0,0,0,0,0,0,0,0,0,0,0,0,0,0,0,0,0,0,0,0,0,0,0,0,0,0,0,0,0,0,0,0,0,0,0,0,0,0,0,0,0,0,0,1,2},
{2,1,0,0,0,0,0,0,0,0,0,0,0,0,0,0,0,0,0,0,0,0,0,0,0,0,0,0,1,1,1,1,0,0,0,0,0,0,0,0,0,0,0,1,1,1,1,0,0,0,0,0,0,0,0,0,0,0,0,0,0,0,0,0,0,0,0,0,0,0,0,0,0,1,2},
{2,1,0,0,0,0,0,0,0,0,0,0,0,0,0,0,0,0,0,0,0,0,0,0,0,0,0,0,1,2,2,1,0,0,0,0,0,0,0,0,0,0,0,1,2,2,1,0,0,0,0,0,0,0,0,0,0,0,0,0,0,0,0,0,0,0,0,0,0,0,0,0,0,1,2},
{2,1,0,0,0,0,0,0,0,0,0,0,0,1,1,1,1,0,0,0,0,0,0,0,0,0,0,0,1,2,2,1,0,0,0,0,0,0,0,0,0,0,0,1,2,2,1,0,0,0,0,0,0,0,0,0,0,0,1,1,1,1,0,0,0,0,0,0,0,0,0,0,0,1,2},
{2,1,0,0,0,0,0,0,0,0,0,0,0,1,2,2,1,0,0,0,0,0,0,0,0,0,0,0,1,2,2,1,0,0,0,0,0,0,0,0,0,0,0,1,2,2,1,0,0,0,0,0,0,0,0,0,0,0,1,2,2,1,0,0,0,0,0,0,0,0,0,0,0,1,2},
{2,1,1,1,1,1,1,1,1,1,1,1,1,1,2,2,1,1,1,1,1,1,1,1,1,1,1,1,1,2,2,1,1,1,1,1,1,1,1,1,1,1,1,1,2,2,1,1,1,1,1,1,1,1,1,1,1,1,1,2,2,1,1,1,1,1,1,1,1,1,1,1,1,1,2},
{2,2,2,2,2,2,2,2,2,2,2,2,2,2,2,2,2,2,2,2,2,2,2,2,2,2,2,2,2,2,2,2,2,2,2,2,2,2,2,2,2,2,2,2,2,2,2,2,2,2,2,2,2,2,2,2,2,2,2,2,2,2,2,2,2,2,2,2,2,2,2,2,2,2,2}