
Layout -5810642871755703840|1486527204457:
{   0,   0,   0,   0,   0,   0,   0,   0,   0,   0,   0,   0,   0,   0,   0,   0,   0,   0,   0,   0,   0,   0,   0,   0,   0,   0,   0,   0,   0,   0,   0,   0,   0,   0,   0,   0,   0,   0,   0,   0,   0,   0,   0,   0,   0,   0,   0,   0,   0,   0,   0,   0,   0,   0,   0,   0,   0,   0,   0,   0,   0,   0,   0,   0,   0,   0,   0,   0,   0,   0,   0,   0,   0,   0,   0},
{   0,   0,   0,   0,   0,   0,   0,   0,   0,   0,   0,   0,   0,   0,   0,   0,   1,   1,   1,   1,   1,   1,   1,   1,   1,   1,   1,   1,   1,   0,   0,   1,   1,   1,   1,   1,   1,   1,   1,   1,   1,   1,   1,   1,   0,   0,   0,   0,   0,   0,   0,   0,   0,   0,   0,   0,   0,   0,   0,   0,   0,   0,   0,   0,   0,   0,   0,   0,   0,   0,   0,   0,   0,   0,   0},
{   0,   0,   0,   0,   0,   0,   0,   0,   0,   0,   0,   0,   0,   0,   0,   0,   1,  10,  10,  10,  10,  10,  10,  10,  10,  10,  10,  10,   1,   0,   0,   1,  10,  10,  10,  10,  10,  10,  10,  10,  10,  10,  10,   1,   0,   0,   0,   0,   0,   0,   0,   0,   0,   0,   0,   0,   0,   0,   0,   0,   0,   0,   0,   0,   0,   0,   0,   0,   0,   0,   0,   0,   0,   0,   0},
{   0,   0,   0,   0,   0,   0,   0,   0,   0,   0,   0,   0,   0,   0,   0,   0,   1,  10,  10,  10,  10,  10,  10,  10,  10,  10,  10,  10,   1,   0,   0,   1,  10,  10,  10,  10,  10,  10,  10,  10,  10,  10,  10,   1,   0,   0,   0,   0,   1,   1,   1,   1,   1,   1,   1,   1,   1,   1,   1,   1,   1,   0,   0,   0,   0,   0,   0,   0,   0,   0,   0,   0,   0,   0,   0},
{   0,   0,   0,   0,   0,   0,   0,   0,   0,   0,   0,   0,   0,   0,   0,   0,   1,  10,  10,   2,   2,1021,1021,1021,   2,   2,  10,  10,   1,   0,   0,   1,  10,  10,   2,   2,1021,1021,1021,   2,   2,  10,  10,   1,   0,   0,   0,   0,   1,  10,  10,  10,  10,  10,  10,  10,  10,  10,  10,  10,   1,   0,   0,   0,   0,   0,   0,   0,   0,   0,   0,   0,   0,   0,   0},
{   0,   0,   0,   0,   0,   1,   1,   1,   1,   1,   1,   1,   1,   1,   1,   1,   1,  10,  10,   2,  10,  10,  10,  10,  10,   2,  10,  10,   1,   1,   1,   1,  10,  10,   2,  10,  10,  10,  10,  10,   2,  10,  10,   1,   1,   1,   1,   1,   1,  10,  10,  10,  10,  10,  10,  10,  10,  10,  10,  10,   1,   1,   1,   1,   1,   0,   0,   0,   0,   0,   0,   0,   0,   0,   0},
{   0,   0,   0,   0,   0,   1,  10,  10,  10,  10,  10,  10,  10,  10,  10,  10,  10,  10,  10,1020,  10,  10,  10,  10,  10,1020,  10,  10,  10,  10,  10,  10,  10,  10,1020,  10,  10,  10,  10,  10,1020,  10,  10,  10,  10,  10,  10,  10,  10,  10,  10,  10,  10,   2,   2,   2,  10,  10,  10,  10,  11,  11,  11,  11,   1,   0,   0,   0,   0,   0,   0,   0,   0,   0,   0},
{   0,   0,   0,   0,   0,   1,  10,1091,  10,  10,  10,  10,  10,  10,  10,  10,  10,  10,  10,1020,  10,1091,  10,1091,  10,1020,  10,  10,  10,  10,  10,  10,  10,  10,1020,  10,1091,  10,1091,  10,1020,  10,  10,  10,  10,  10,  10,  10,  10,  10,  10,  10,  10,   2,   2,   2,  10,  10,  10,  10,  11,  11,1190,  11,   1,   0,   0,   0,   0,   0,   0,   0,   0,   0,   0},
{   0,   0,   0,   0,   0,   1,  10,  10,  10,  10,  10,  10,  10,  10,  10,  10,  10,  10,  10,1020,  10,  10,  10,  10,  10,1020,  10,  10,  10,  10,  10,  10,  10,  10,1020,  10,  10,  10,  10,  10,1020,  10,  10,  10,  10,  10,  10,  10,  10,  10,  10,  10,  10,   2,   2,   2,  10,  10,  10,  10,  11,  11,  11,  11,   1,   0,   0,   0,   0,   0,   0,   0,   0,   0,   0},
{   0,   0,   0,   0,   0,   1,  10,  10,  10,   1,   1,   1,   1,   1,   1,   1,   1,  10,  10,   2,  10,  10,  10,  10,  10,   2,  10,  10,   1,   1,   1,   1,  10,  10,   2,  10,  10,  10,  10,  10,   2,  10,  10,   1,   1,   1,   1,   1,   1,  10,  10,  10,  10,  10,  10,  10,  10,  10,  10,  10,   1,   1,   1,   1,   1,   0,   0,   0,   0,   0,   0,   0,   0,   0,   0},
{   0,   0,   0,   0,   0,   1,  10,  10,  10,   1,   0,   0,   0,   0,   0,   0,   1,  10,  10,   2,   2,1020,1020,1020,   2,   2,  10,  10,   1,   0,   0,   1,  10,  10,   2,   2,1020,1020,1020,   2,   2,  10,  10,   1,   0,   0,   0,   0,   1,  10,  10,  10,  10,  10,  10,  10,  10,  10,  10,  10,   1,   0,   0,   0,   0,   0,   0,   0,   0,   0,   0,   0,   0,   0,   0},
{   0,   0,   0,   0,   0,   1,  10,  10,  10,   1,   0,   0,   0,   0,   0,   0,   1,  10,  10,  10,  10,  10,  10,  10,  10,  10,  10,  10,   1,   0,   0,   1,  10,  10,  10,  10,  10,  10,  10,  10,  10,  10,  10,   1,   0,   0,   0,   0,   1,   1,   1,  10,  10,  10,   1,   1,   1,   1,   1,   1,   1,   0,   0,   0,   0,   0,   0,   0,   0,   0,   0,   0,   0,   0,   0},
{   0,   0,   0,   0,   0,   1,  10,  10,  10,   1,   0,   0,   0,   0,   0,   0,   1,  10,  10,  10,  10,  10,  10,  10,  10,  10,  10,  10,   1,   0,   0,   1,  10,  10,  10,  10,  10,  10,  10,  10,  10,  10,  10,   1,   0,   0,   0,   0,   0,   0,   1,  10,  10,  10,   1,   0,   0,   0,   0,   0,   0,   0,   0,   0,   0,   0,   0,   0,   0,   0,   0,   0,   0,   0,   0},
{   0,   0,   0,   0,   0,   1,  10,  10,  10,   1,   0,   0,   0,   0,   0,   0,   1,   1,   1,   1,   1,  10,  10,  10,   1,   1,   1,   1,   1,   0,   0,   1,   1,   1,   1,   1,  10,  10,  10,   1,   1,   1,   1,   1,   0,   0,   0,   0,   0,   0,   1,  10,  10,  10,   1,   0,   0,   0,   0,   0,   0,   0,   0,   0,   0,   0,   0,   0,   0,   0,   0,   0,   0,   0,   0},
{   0,   0,   0,   0,   0,   1,  10,  10,  10,   1,   0,   0,   0,   0,   0,   0,   0,   0,   0,   0,   1,  10,  10,  10,   1,   0,   0,   0,   0,   0,   0,   0,   0,   0,   0,   1,  10,  10,  10,   1,   0,   0,   0,   0,   0,   0,   0,   0,   0,   0,   1,  10,  10,  10,   1,   0,   0,   0,   0,   0,   0,   0,   0,   0,   0,   0,   0,   0,   0,   0,   0,   0,   0,   0,   0},
{   0,   0,   0,   0,   0,   1,  10,  10,  10,   1,   0,   0,   0,   0,   0,   0,   0,   0,   0,   0,   1,  10,  10,  10,   1,   0,   0,   0,   0,   0,   0,   0,   0,   0,   0,   1,  10,  10,  10,   1,   0,   0,   0,   0,   0,   0,   0,   0,   0,   0,   1,  10,  10,  10,   1,   0,   0,   0,   0,   0,   0,   0,   0,   0,   0,   0,   0,   0,   0,   0,   0,   0,   0,   0,   0},
{   0,   0,   0,   0,   0,   1,  10,  10,  10,   1,   0,   0,   0,   0,   0,   0,   0,   0,   0,   0,   1,  10,  10,  10,   1,   0,   0,   0,   0,   0,   0,   1,   1,   1,   1,   1,  10,  10,  10,   1,   1,   1,   1,   1,   1,   1,   1,   1,   1,   1,   1,  10,  10,  10,   1,   1,   1,   1,   1,   0,   0,   0,   0,   0,   0,   0,   0,   0,   0,   0,   0,   0,   0,   0,   0},
{   0,   0,   0,   0,   0,   1,  10,  10,  10,   1,   0,   0,   0,   0,   0,   0,   0,   0,   0,   0,   1,  10,  10,  10,   1,   0,   0,   0,   0,   0,   0,   1,  10,  10,  10,  10,  10,  10,  10,  10,  10,  10,  10,  10,  10,  10,  10,  10,  10,  10,  10,  10,  10,  10,  10,  10,  10,  10,   1,   0,   0,   0,   0,   0,   0,   0,   0,   0,   0,   0,   0,   0,   0,   0,   0},
{   0,   0,   0,   1,   1,   1,  10,  10,  10,   1,   1,   1,   1,   1,   1,   1,   1,   1,   1,   1,   1,  10,  10,  10,   1,   0,   0,   0,   0,   0,   0,   1,  10,  10,  10,  10,  10,  10,  10,  10,  10,  10,  10,  10,  10,  10,  10,  10,  10,  10,  10,  10,  10,  10,  10,  10,  10,  10,   1,   0,   0,   0,   0,   0,   0,   0,   0,   0,   0,   0,   0,   0,   0,   0,   0},
{   0,   0,   0,   1,  10,  10,  10,  10,  10,  10,  10,  10,  10,  10,  10,  10,  10,  10,  10,  10,  10,  10,  10,  10,   1,   0,   0,   0,   0,   0,   0,   1,  10,  10,  10,  10,  10,  10,  10,  10,  10,  10,  10,  10,  10,  10,  10,  10,  10,  10,  10,  10,  10,  10,  10,  10,  10,  10,   1,   0,   0,   0,   0,   0,   0,   0,   0,   0,   0,   0,   0,   0,   0,   0,   0},
{   0,   0,   0,   1,  10,  10,  10,  10,  10,  10,  10,  10,  10,  10,  10,  10,  10,  10,  10,  10,  10,  10,  10,  10,   1,   1,   1,   1,   1,   1,   1,   1,  10,  10,  10,   1,   1,   1,   1,   1,   1,   1,   1,  10,  10,  10,  10,   1,   1,   1,   1,   1,   1,   1,   1,  10,  10,  10,   1,   1,   1,   1,   1,   1,   1,   1,   1,   1,   1,   1,   0,   0,   0,   0,   0},
{   0,   0,   0,   1,  10,  10,   2,   2,   2,  10,  10,  10,  10,  10,  10,  10,  10,   2,   2,  10,  10,  10,  10,  10,  10,  10,  10,  10,  10,  10,  10,  10,  10,  10,  10,   1,   0,   0,   0,   0,   0,   0,   1,  10,  10,  10,  10,   1,   0,   0,   0,   0,   0,   0,   1,  10,  10,  10,  10,  10,  10,  10,  10,  10,  10,  10,  10,  10,  10,   1,   0,   0,   0,   0,   0},
{   0,   0,   0,   1,  10,  10,   2,   2,   2,  10,  10,  10,  10,  10,  10,  10,  10,   2,   2,  10,  10,  10,  10,  10,  10,  10,  10,  10,  10,  10,  10,  10,  10,  10,  10,   1,   0,   0,   0,   0,   0,   0,   1,  10,  10,  10,  10,   1,   0,   0,   0,   0,   0,   0,   1,  10,  10,  10,  10,  10,  10,  10,  10,  10,  10,  10,  10,1091,  10,   1,   0,   0,   0,   0,   0},
{   0,   0,   0,   1,  10,  10,   2,   2,   2,  10,  10,  10,  10,  10,  10,  10,  10,   2,   2,  10,  10,  10,  10,  10,  10,  10,  10,  10,  10,  10,  10,  10,  10,  10,  10,   1,   0,   0,   1,   1,   1,   1,   1,  10,  10,  10,  10,   1,   1,   1,   1,   1,   0,   0,   1,  10,  10,  10,  10,  10,  10,  10,  10,  10,  10,  10,  10,  10,  10,   1,   0,   0,   0,   0,   0},
{   0,   0,   0,   1,  10,  10,  10,  10,  10,  10,  10,  10,  10,  10,  10,  10,  10,  10,  10,  10,  10,  10,  10,  10,   1,   1,   1,   1,   1,   1,   1,   1,  10,  10,  10,   1,   0,   0,   1,  10,  10,  10,  10,  10,  10,  10,  10,  10,  10,  10,  10,   1,   0,   0,   1,  10,  10,  10,   1,   1,   1,   1,   1,   1,   1,   1,  10,  10,  10,   1,   0,   0,   0,   0,   0},
{   0,   0,   0,   1,  10,  10,  10,  10,  10,  10,  10,  10,  10,  10,  10,  10,  10,  10,  10,  10,  10,  10,  10,  10,   1,   0,   0,   0,   0,   0,   0,   1,  10,  10,  10,   1,   0,   0,   1,  10,1090,  10,  10,  10,  10,  10,  10,  10,  10,1090,  10,   1,   0,   0,   1,  10,  10,  10,   1,   0,   0,   0,   0,   0,   0,   1,  10,  10,  10,   1,   0,   0,   0,   0,   0},
{   0,   0,   0,   1,   1,   1,   1,   1,   1,   1,   1,   1,   1,   1,   1,   1,   1,   1,   1,   1,   1,  10,  10,  10,   1,   0,   0,   0,   0,   0,   0,   1,  10,  10,  10,   1,   0,   0,   1,  10,  10,  10,  10,  10,  10,  10,  10,  10,  10,  10,  10,   1,   0,   0,   1,  10,  10,  10,   1,   0,   0,   0,   0,   0,   0,   1,  10,  10,  10,   1,   0,   0,   0,   0,   0},
{   0,   0,   0,   0,   0,   0,   0,   0,   0,   0,   0,   0,   0,   0,   0,   0,   0,   0,   0,   0,   1,  10,  10,  10,   1,   0,   0,   0,   0,   0,   0,   1,  10,  10,  10,   1,   1,   1,   1,  10,  10,  10,  10,  10,  10,  10,  10,  10,  10,  10,  10,   1,   1,   1,   1,  10,  10,  10,   1,   0,   0,   0,   0,   0,   0,   1,  10,  10,  10,   1,   0,   0,   0,   0,   0},
{   0,   0,   0,   0,   0,   0,   0,   0,   0,   0,   0,   0,   0,   0,   0,   0,   0,   0,   0,   0,   1,  10,  10,  10,   1,   0,   0,   0,   0,   0,   0,   1,  10,  10,  10,  10,  10,  10,  10,  10,  10,  10,  10,  10,  10,  10,  10,  10,  10,  10,  10,  10,  10,  10,  10,  10,  10,  10,   1,   0,   0,   0,   0,   0,   0,   1,  10,  10,  10,   1,   0,   0,   0,   0,   0},
{   0,   0,   0,   0,   0,   0,   0,   0,   0,   0,   0,   0,   0,   0,   0,   0,   0,   0,   0,   0,   1,  10,  10,  10,   1,   0,   0,   0,   0,   0,   0,   1,  10,  10,  10,  10,  10,  10,  10,  10,  10,  10,  10,  10,  10,  10,  10,  10,  10,  10,  10,  10,  10,  10,  10,  10,  10,  10,   1,   0,   0,   0,   0,   0,   0,   1,  10,  10,  10,   1,   0,   0,   0,   0,   0},
{   0,   0,   0,   0,   0,   0,   0,   0,   0,   0,   0,   0,   0,   0,   0,   0,   0,   0,   0,   0,   1,  10,  10,  10,   1,   0,   0,   0,   0,   0,   0,   1,  10,  10,  10,  10,  10,  10,  10,  10,  10,  10,  10,  10,  10,  10,  10,  10,  10,  10,  10,  10,  10,  10,  10,  10,  10,  10,   1,   0,   0,   0,   0,   0,   0,   1,  10,  10,  10,   1,   0,   0,   0,   0,   0},
{   0,   0,   0,   0,   0,   0,   0,   0,   0,   0,   0,   0,   0,   0,   0,   0,   0,   0,   0,   0,   1,  10,  10,  10,   1,   0,   0,   0,   0,   0,   0,   1,  10,  10,  10,  10,  10,  10,  10,  10,  10,  10,  10,  10,  10,  10,  10,  10,  10,  10,  10,  10,  10,  10,  10,  10,  10,  10,   1,   0,   0,   0,   0,   0,   0,   1,  10,  10,  10,   1,   0,   0,   0,   0,   0},
{   0,   0,   0,   0,   0,   0,   0,   0,   0,   0,   0,   0,   0,   0,   0,   0,   0,   0,   0,   0,   1,  10,  10,  10,   1,   0,   0,   0,   0,   0,   0,   1,  10,  10,  10,   1,   1,   1,   1,  10,  10,  10,  10,  10,  10,  10,  10,  10,  10,  10,  10,   1,   1,   1,   1,  10,  10,  10,   1,   0,   0,   0,   0,   0,   0,   1,  10,  10,  10,   1,   0,   0,   0,   0,   0},
{   0,   0,   0,   1,   1,   1,   1,   1,   1,   1,   1,   1,   1,   1,   1,   1,   1,   1,   1,   1,   1,  10,  10,  10,   1,   1,   1,   1,   1,   1,   1,   1,  10,  10,  10,   1,   0,   0,   1,  10,  10,  10,  10,  10,  10,  10,  10,  10,  10,  10,  10,   1,   0,   0,   1,  10,  10,  10,   1,   0,   0,   0,   0,   0,   0,   1,  10,  10,  10,   1,   0,   0,   0,   0,   0},
{   0,   0,   0,   1,  10,  10,  10,  10,  10,  10,  10,  10,  10,  10,  10,  10,  10,  10,  10,  10,  10,  10,  10,  10,  10,  10,  10,  10,  10,  10,  10,  10,  10,  10,  10,   1,   0,   0,   1,  10,1091,  10,  10,  10,  10,  10,  10,  10,  10,  10,  10,   1,   0,   0,   1,  10,  10,  10,   1,   0,   0,   0,   0,   0,   0,   1,  10,1091,  10,   1,   0,   0,   0,   0,   0},
{   0,   0,   0,   1,  10,  10,  10,  10,  10,  10,  10,  10,  10,  10,  10,  10,  10,  10,  10,  10,  10,  10,  10,  10,  10,  10,  10,  10,  10,  10,  10,  10,  10,  10,  10,   1,   0,   0,   1,  10,  10,  10,  10,  10,  10,  10,  10,  10,  10,  10,  10,   1,   0,   0,   1,  10,  10,  10,   1,   0,   0,   0,   0,   0,   0,   1,  10,  10,  10,   1,   0,   0,   0,   0,   0},
{   0,   0,   0,   1,  10,  10,   2,   2,   2,  10,  10,  10,  10,  10,  10,  10,  10,  10,  10,  10,  10,  10,  10,  10,  10,  10,  10,  10,  10,  10,  10,  10,  10,  10,  10,   1,   0,   0,   1,   1,   1,   1,   1,  10,  10,  10,  10,   1,   1,   1,   1,   1,   0,   0,   1,  10,  10,  10,   1,   0,   0,   0,   0,   0,   0,   1,  10,  10,  10,   1,   0,   0,   0,   0,   0},
{   0,   0,   0,   1,  10,  10,   2,   2,   2,  10,  10,  10,  10,  10,  10,  10,  10,  10,1091,  10,  10,  10,  10,  10,  10,  10,1091,  10,  10,  10,  10,  10,  10,  10,  10,   1,   0,   0,   0,   0,   0,   0,   1,  10,  10,  10,  10,   1,   0,   0,   0,   0,   0,   0,   1,  10,  10,  10,   1,   0,   0,   0,   0,   0,   0,   1,  10,  10,  10,   1,   0,   0,   0,   0,   0},
{   0,   0,   0,   1,  10,  10,   2,   2,   2,  10,  10,  10,  10,  10,  10,  10,  10,  10,  10,  10,  10,  10,  10,  10,  10,  10,  10,  10,  10,  10,  10,  10,  10,  10,  10,   1,   0,   0,   0,   0,   0,   0,   1,  10,  10,  10,  10,   1,   0,   0,   0,   0,   0,   0,   1,  10,  10,  10,   1,   0,   0,   0,   0,   0,   0,   1,  10,  10,  10,   1,   0,   0,   0,   0,   0},
{   0,   0,   0,   1,  10,  10,  10,  10,  10,  10,  10,  10,  10,  10,  10,  10,  10,  10,  10,  10,  10,  10,  10,  10,  10,  10,  10,  10,  10,  10,  10,  10,  10,  10,  10,   1,   1,   1,   1,   1,   1,   1,   1,  10,  10,  10,  10,   1,   1,   1,   1,   1,   1,   1,   1,  10,  10,  10,   1,   0,   0,   0,   0,   0,   0,   1,  10,  10,  10,   1,   0,   0,   0,   0,   0},
{   0,   0,   0,   1,  10,  10,  10,  10,  10,  10,  10,  10,  10,  10,  10,  10,  10,  10,  10,  10,  10,  10,  10,  10,  10,  10,  10,  10,  10,  10,  10,  10,  10,  10,  10,  10,  10,  10,  10,  10,  10,  10,  10,  10,  10,  10,  10,  10,  10,  10,  10,  10,  10,  10,  10,  10,  10,  10,   1,   0,   0,   0,   0,   0,   0,   1,  10,1091,  10,   1,   0,   0,   0,   0,   0},
{   0,   0,   0,   1,   1,   1,  10,  10,  10,   1,   1,   1,   1,   1,   1,   1,   1,   1,   1,   1,   1,  10,  10,  10,   1,   1,   1,   1,   1,   1,   1,   1,  10,  10,  10,  10,  10,  10,  10,  10,  10,  10,  10,  10,  10,  10,  10,  10,  10,  10,  10,  10,  10,  10,  10,  10,1090,  10,   1,   0,   0,   0,   0,   0,   0,   1,  10,  10,  10,   1,   0,   0,   0,   0,   0},
{   0,   0,   0,   0,   0,   1,  10,  10,  10,   1,   0,   0,   0,   0,   0,   0,   0,   0,   0,   0,   1,  10,  10,  10,   1,   0,   0,   0,   0,   0,   0,   1,  10,  10,  10,  10,  10,  10,  10,  10,  10,  10,  10,  10,  10,  10,  10,  10,  10,  10,  10,  10,  10,  10,  10,  10,  10,  10,   1,   0,   0,   0,   0,   0,   0,   1,  10,  10,  10,   1,   0,   0,   0,   0,   0},
{   0,   0,   0,   0,   0,   1,  10,  10,  10,   1,   0,   0,   0,   0,   0,   0,   0,   0,   0,   0,   1,  10,  10,  10,   1,   0,   0,   0,   0,   0,   0,   1,   1,   1,   1,   1,  10,  10,  10,   1,   1,   1,   1,   1,   1,   1,   1,   1,   1,   1,   1,   1,   1,   1,   1,   1,   1,   1,   1,   0,   0,   0,   0,   0,   0,   1,  10,  10,  10,   1,   0,   0,   0,   0,   0},
{   0,   0,   0,   0,   0,   1,  10,  10,  10,   1,   0,   0,   0,   0,   0,   0,   0,   0,   0,   0,   1,  10,  10,  10,   1,   0,   0,   0,   0,   0,   0,   0,   0,   0,   0,   1,  10,  10,  10,   1,   0,   0,   0,   0,   0,   0,   0,   0,   0,   0,   0,   0,   0,   0,   0,   0,   0,   0,   0,   0,   0,   0,   0,   0,   0,   1,  10,  10,  10,   1,   0,   0,   0,   0,   0},
{   0,   0,   0,   0,   0,   1,  10,  10,  10,   1,   0,   0,   0,   0,   0,   0,   0,   0,   0,   0,   1,  10,  10,  10,   1,   0,   0,   0,   0,   0,   0,   0,   0,   0,   0,   1,  10,  10,  10,   1,   0,   0,   0,   0,   0,   0,   0,   0,   0,   0,   0,   0,   0,   0,   0,   0,   0,   0,   0,   0,   0,   0,   0,   0,   0,   1,  10,  10,  10,   1,   0,   0,   0,   0,   0},
{   0,   0,   0,   0,   0,   1,  10,  10,  10,   1,   0,   0,   0,   0,   0,   0,   0,   0,   0,   0,   1,  10,  10,  10,   1,   0,   0,   0,   0,   0,   0,   1,   1,   1,   1,   1,  10,  10,  10,   1,   1,   1,   1,   1,   0,   0,   0,   0,   0,   0,   0,   0,   0,   0,   0,   0,   0,   0,   0,   0,   0,   0,   0,   0,   0,   1,  10,  10,  10,   1,   0,   0,   0,   0,   0},
{   0,   0,   0,   0,   0,   1,  10,  10,  10,   1,   0,   0,   0,   0,   0,   0,   0,   0,   0,   0,   1,  10,  10,  10,   1,   0,   0,   0,   0,   0,   0,   1,  10,  10,  10,  10,  10,  10,  10,  10,  10,  10,  10,   1,   0,   0,   0,   0,   0,   0,   0,   0,   0,   0,   0,   0,   0,   0,   0,   0,   0,   0,   0,   0,   0,   1,  10,  10,  10,   1,   0,   0,   0,   0,   0},
{   0,   0,   0,   0,   0,   1,  10,  10,  10,   1,   0,   0,   0,   0,   0,   0,   0,   0,   0,   0,   1,  10,  10,  10,   1,   0,   0,   0,   0,   0,   0,   1,  10,  10,  10,  10,  10,  10,  10,  10,  10,  10,  10,   1,   0,   0,   0,   0,   0,   0,   0,   0,   0,   0,   0,   0,   0,   0,   0,   0,   0,   0,   0,   0,   0,   1,  10,  10,  10,   1,   0,   0,   0,   0,   0},
{   0,   0,   0,   0,   0,   1,  10,  10,  10,   1,   0,   0,   0,   0,   0,   0,   0,   0,   0,   0,   1,  10,  10,  10,   1,   0,   0,   0,   0,   0,   0,   1,  10,  10,   2,   2,1020,1020,1020,   2,   2,  10,  10,   1,   0,   0,   0,   0,   0,   0,   0,   0,   0,   0,   0,   0,   0,   0,   0,   0,   0,   0,   0,   0,   0,   1,  10,  10,  10,   1,   0,   0,   0,   0,   0},
{   0,   0,   0,   0,   0,   1,  10,  10,  10,   1,   1,   1,   1,   1,   1,   1,   1,   1,   1,   1,   1,  10,  10,  10,   1,   1,   1,   1,   1,   1,   1,   1,  10,  10,   2,  10,  10,  10,  10,  10,   2,  10,  10,   1,   1,   1,   1,   1,   1,   1,   1,   1,   1,   1,   1,   1,   1,   1,   1,   1,   1,   1,   1,   1,   1,   1,  10,  10,  10,   1,   0,   0,   0,   0,   0},
{   0,   0,   0,   0,   0,   1,  10,  10,  10,  10,  10,  10,  10,  10,  10,  10,  10,  10,  10,  10,  10,  10,  10,  10,  10,  10,  10,  10,  10,  10,  10,  10,  10,  10,1020,  10,  10,  10,  10,  10,1020,  10,  10,  10,  10,  10,  10,  10,  10,  10,  10,  10,  10,  10,  10,  10,  10,  10,  10,  10,  10,  10,  10,  10,  10,  10,  10,  10,  10,   1,   0,   0,   0,   0,   0},
{   0,   0,   0,   0,   0,   1,  10,  10,  10,  10,  10,  10,  10,  10,  10,  10,  10,  10,  10,1091,  10,  10,  10,  10,  10,1091,  10,  10,  10,  10,  10,  10,  10,  10,1020,  10,1091,  10,1091,  10,1020,  10,  10,  10,  10,  10,  10,  10,  10,  10,  10,  10,  10,  10,  10,  10,  10,  10,  10,  10,  10,  10,  10,  10,  10,  10,  10,1091,  10,   1,   0,   0,   0,   0,   0},
{   0,   0,   0,   0,   0,   1,  10,  10,  10,  10,  10,  10,  10,  10,  10,  10,  10,  10,  10,  10,  10,  10,  10,  10,  10,  10,  10,  10,  10,  10,  10,  10,  10,  10,1020,  10,  10,  10,  10,  10,1020,  10,  10,  10,  10,  10,  10,  10,  10,  10,  10,  10,  10,  10,  10,  10,  10,  10,  10,  10,  10,  10,  10,  10,  10,  10,  10,  10,  10,   1,   0,   0,   0,   0,   0},
{   0,   0,   0,   0,   0,   1,   1,   1,   1,   1,   1,   1,   1,   1,   1,   1,   1,   1,   1,   1,   1,   1,   1,   1,   1,   1,   1,   1,   1,   1,   1,   1,  10,  10,   2,  10,  10,  10,  10,  10,   2,  10,  10,   1,   1,   1,   1,   1,   1,   1,   1,   1,   1,   1,   1,   1,   1,   1,   1,   1,   1,   1,   1,   1,   1,   1,   1,   1,   1,   1,   0,   0,   0,   0,   0},
{   0,   0,   0,   0,   0,   0,   0,   0,   0,   0,   0,   0,   0,   0,   0,   0,   0,   0,   0,   0,   0,   0,   0,   0,   0,   0,   0,   0,   0,   0,   0,   1,  10,  10,   2,   2,1021,1021,1021,   2,   2,  10,  10,   1,   0,   0,   0,   0,   0,   0,   0,   0,   0,   0,   0,   0,   0,   0,   0,   0,   0,   0,   0,   0,   0,   0,   0,   0,   0,   0,   0,   0,   0,   0,   0},
{   0,   0,   0,   0,   0,   0,   0,   0,   0,   0,   0,   0,   0,   0,   0,   0,   0,   0,   0,   0,   0,   0,   0,   0,   0,   0,   0,   0,   0,   0,   0,   1,  10,  10,  10,  10,  10,  10,  10,  10,  10,  10,  10,   1,   0,   0,   0,   0,   0,   0,   0,   0,   0,   0,   0,   0,   0,   0,   0,   0,   0,   0,   0,   0,   0,   0,   0,   0,   0,   0,   0,   0,   0,   0,   0},
{   0,   0,   0,   0,   0,   0,   0,   0,   0,   0,   0,   0,   0,   0,   0,   0,   0,   0,   0,   0,   0,   0,   0,   0,   0,   0,   0,   0,   0,   0,   0,   1,  10,  10,  10,  10,  10,  10,  10,  10,  10,  10,  10,   1,   0,   0,   0,   0,   0,   0,   0,   0,   0,   0,   0,   0,   0,   0,   0,   0,   0,   0,   0,   0,   0,   0,   0,   0,   0,   0,   0,   0,   0,   0,   0},
{   0,   0,   0,   0,   0,   0,   0,   0,   0,   0,   0,   0,   0,   0,   0,   0,   0,   0,   0,   0,   0,   0,   0,   0,   0,   0,   0,   0,   0,   0,   0,   1,   1,   1,   1,   1,   1,   1,   1,   1,   1,   1,   1,   1,   0,   0,   0,   0,   0,   0,   0,   0,   0,   0,   0,   0,   0,   0,   0,   0,   0,   0,   0,   0,   0,   0,   0,   0,   0,   0,   0,   0,   0,   0,   0},
{   0,   0,   0,   0,   0,   0,   0,   0,   0,   0,   0,   0,   0,   0,   0,   0,   0,   0,   0,   0,   0,   0,   0,   0,   0,   0,   0,   0,   0,   0,   0,   0,   0,   0,   0,   0,   0,   0,   0,   0,   0,   0,   0,   0,   0,   0,   0,   0,   0,   0,   0,   0,   0,   0,   0,   0,   0,   0,   0,   0,   0,   0,   0,   0,   0,   0,   0,   0,   0,   0,   0,   0,   0,   0,   0},
